# Block     : le21
# Campaign  : le21_01
# Layer name: oper_VK1_2018-07-01-21:00:02
# Step      : 10800 sec.
# Begin time: 2018-07-01 21:00:02
# End time  : 2018-09-01 21:00:02
# Units     : -       
# Params    : TPkni_out_B

# Time              
# Timepoint: 2018.07.01 21:00:02
# Param: TPkni_out_B
1	1	3.270789e+02	1
2	1	0.000000e+00	0
3	1	3.320048e+02	1
4	1	3.275498e+02	1
5	1	3.363424e+02	1
6	1	3.313541e+02	1
7	1	3.225182e+02	1
8	1	3.351054e+02	1
9	1	3.246444e+02	1
10	1	3.295882e+02	1
11	1	3.261884e+02	1
12	1	3.321639e+02	1
13	1	0.000000e+00	0
14	1	3.301342e+02	1
15	1	3.243456e+02	1
16	1	3.332027e+02	1
17	1	3.303874e+02	1
18	1	3.321519e+02	1
19	1	3.317291e+02	1
20	1	3.314793e+02	1
21	1	3.246246e+02	1
22	1	3.268949e+02	1
23	1	3.270031e+02	1
24	1	3.253792e+02	1
25	1	3.268400e+02	1
26	1	3.250131e+02	1
27	1	0.000000e+00	0
28	1	3.317355e+02	1
29	1	3.308594e+02	1
30	1	3.237780e+02	1
31	1	3.359354e+02	1
32	1	3.315552e+02	1
33	1	3.367385e+02	1
34	1	0.000000e+00	0
35	1	3.309762e+02	1
36	1	3.319511e+02	1
37	1	3.357892e+02	1
38	1	3.327048e+02	1
39	1	3.317698e+02	1
40	1	3.292865e+02	1
41	1	0.000000e+00	0
42	1	3.320667e+02	1
43	1	3.306966e+02	1
44	1	3.253063e+02	1
45	1	3.244070e+02	1
46	1	3.365500e+02	1
47	1	3.370469e+02	1
48	1	3.240232e+02	1
49	1	3.321520e+02	1
50	1	3.337823e+02	1
51	1	3.312429e+02	1
52	1	3.212523e+02	1
53	1	3.298330e+02	1
54	1	0.000000e+00	0

# Timepoint: 2018.07.02 00:00:02
# Param: TPkni_out_B
1	1	3.271481e+02	1
2	1	0.000000e+00	0
3	1	3.321514e+02	1
4	1	3.275575e+02	1
5	1	3.363592e+02	1
6	1	3.313812e+02	1
7	1	3.225259e+02	1
8	1	3.351545e+02	1
9	1	3.246320e+02	1
10	1	3.298911e+02	1
11	1	3.263424e+02	1
12	1	3.320650e+02	1
13	1	0.000000e+00	0
14	1	3.301226e+02	1
15	1	3.244828e+02	1
16	1	3.332935e+02	1
17	1	3.304487e+02	1
18	1	3.317865e+02	1
19	1	3.318979e+02	1
20	1	3.315539e+02	1
21	1	3.246718e+02	1
22	1	3.269674e+02	1
23	1	3.269760e+02	1
24	1	3.253738e+02	1
25	1	3.267013e+02	1
26	1	3.251527e+02	1
27	1	0.000000e+00	0
28	1	3.318615e+02	1
29	1	3.309088e+02	1
30	1	3.238415e+02	1
31	1	3.360442e+02	1
32	1	3.315721e+02	1
33	1	3.368088e+02	1
34	1	0.000000e+00	0
35	1	3.309523e+02	1
36	1	3.320060e+02	1
37	1	3.356700e+02	1
38	1	3.327069e+02	1
39	1	3.318578e+02	1
40	1	3.293105e+02	1
41	1	0.000000e+00	0
42	1	3.322083e+02	1
43	1	3.308681e+02	1
44	1	3.253556e+02	1
45	1	3.245027e+02	1
46	1	3.366920e+02	1
47	1	3.371479e+02	1
48	1	3.240393e+02	1
49	1	3.322750e+02	1
50	1	3.337591e+02	1
51	1	3.313289e+02	1
52	1	3.212426e+02	1
53	1	3.301327e+02	1
54	1	0.000000e+00	0

# Timepoint: 2018.07.02 03:00:02
# Param: TPkni_out_B
1	1	3.271505e+02	1
2	1	0.000000e+00	0
3	1	3.321411e+02	1
4	1	3.275857e+02	1
5	1	3.364134e+02	1
6	1	3.314559e+02	1
7	1	3.225387e+02	1
8	1	3.350689e+02	1
9	1	3.245924e+02	1
10	1	3.297319e+02	1
11	1	3.264548e+02	1
12	1	3.321273e+02	1
13	1	0.000000e+00	0
14	1	3.301761e+02	1
15	1	3.244192e+02	1
16	1	3.333295e+02	1
17	1	3.301202e+02	1
18	1	3.316588e+02	1
19	1	3.317827e+02	1
20	1	3.315390e+02	1
21	1	3.246683e+02	1
22	1	3.269398e+02	1
23	1	3.270492e+02	1
24	1	3.253970e+02	1
25	1	3.269029e+02	1
26	1	3.250739e+02	1
27	1	0.000000e+00	0
28	1	3.317302e+02	1
29	1	3.308029e+02	1
30	1	3.238180e+02	1
31	1	3.360367e+02	1
32	1	3.316483e+02	1
33	1	3.368536e+02	1
34	1	0.000000e+00	0
35	1	3.308593e+02	1
36	1	3.319799e+02	1
37	1	3.358377e+02	1
38	1	3.327167e+02	1
39	1	3.318123e+02	1
40	1	3.292745e+02	1
41	1	0.000000e+00	0
42	1	3.322680e+02	1
43	1	3.308391e+02	1
44	1	3.252929e+02	1
45	1	3.244651e+02	1
46	1	3.365228e+02	1
47	1	3.370425e+02	1
48	1	3.240771e+02	1
49	1	3.322193e+02	1
50	1	3.337343e+02	1
51	1	3.311989e+02	1
52	1	3.211136e+02	1
53	1	3.300042e+02	1
54	1	0.000000e+00	0

# Timepoint: 2018.07.02 06:00:02
# Param: TPkni_out_B
1	1	3.273171e+02	1
2	1	0.000000e+00	0
3	1	3.324869e+02	1
4	1	3.278717e+02	1
5	1	3.366663e+02	1
6	1	3.316236e+02	1
7	1	3.227723e+02	1
8	1	3.351457e+02	1
9	1	3.248883e+02	1
10	1	3.298069e+02	1
11	1	3.264773e+02	1
12	1	3.323386e+02	1
13	1	0.000000e+00	0
14	1	3.304417e+02	1
15	1	3.245914e+02	1
16	1	3.335574e+02	1
17	1	3.302892e+02	1
18	1	3.320072e+02	1
19	1	3.322469e+02	1
20	1	3.317623e+02	1
21	1	3.248932e+02	1
22	1	3.271212e+02	1
23	1	3.272952e+02	1
24	1	3.256592e+02	1
25	1	3.269346e+02	1
26	1	3.253627e+02	1
27	1	0.000000e+00	0
28	1	3.319854e+02	1
29	1	3.309750e+02	1
30	1	3.241281e+02	1
31	1	3.363338e+02	1
32	1	3.319039e+02	1
33	1	3.370856e+02	1
34	1	0.000000e+00	0
35	1	3.310602e+02	1
36	1	3.322852e+02	1
37	1	3.359749e+02	1
38	1	3.329584e+02	1
39	1	3.320204e+02	1
40	1	3.294716e+02	1
41	1	0.000000e+00	0
42	1	3.326155e+02	1
43	1	3.309428e+02	1
44	1	3.255817e+02	1
45	1	3.246487e+02	1
46	1	3.367738e+02	1
47	1	3.373414e+02	1
48	1	3.242506e+02	1
49	1	3.325437e+02	1
50	1	3.339342e+02	1
51	1	3.314626e+02	1
52	1	3.213079e+02	1
53	1	3.302065e+02	1
54	1	0.000000e+00	0

# Timepoint: 2018.07.02 09:00:02
# Param: TPkni_out_B
1	1	3.271312e+02	1
2	1	0.000000e+00	0
3	1	3.324089e+02	1
4	1	3.277438e+02	1
5	1	3.364198e+02	1
6	1	3.312997e+02	1
7	1	3.224539e+02	1
8	1	3.352293e+02	1
9	1	3.246978e+02	1
10	1	3.297502e+02	1
11	1	3.261633e+02	1
12	1	3.321481e+02	1
13	1	0.000000e+00	0
14	1	3.302259e+02	1
15	1	3.244578e+02	1
16	1	3.334369e+02	1
17	1	3.301959e+02	1
18	1	3.319834e+02	1
19	1	3.321535e+02	1
20	1	3.314623e+02	1
21	1	3.247310e+02	1
22	1	3.270216e+02	1
23	1	3.271517e+02	1
24	1	3.254357e+02	1
25	1	3.267904e+02	1
26	1	3.251878e+02	1
27	1	0.000000e+00	0
28	1	3.319023e+02	1
29	1	3.309145e+02	1
30	1	3.239203e+02	1
31	1	3.362213e+02	1
32	1	3.315463e+02	1
33	1	3.368126e+02	1
34	1	0.000000e+00	0
35	1	3.310134e+02	1
36	1	3.322823e+02	1
37	1	3.358839e+02	1
38	1	3.327706e+02	1
39	1	3.316465e+02	1
40	1	3.292338e+02	1
41	1	0.000000e+00	0
42	1	3.323881e+02	1
43	1	3.307154e+02	1
44	1	3.254326e+02	1
45	1	3.245261e+02	1
46	1	3.367943e+02	1
47	1	3.371702e+02	1
48	1	3.241446e+02	1
49	1	3.325338e+02	1
50	1	3.338013e+02	1
51	1	3.313286e+02	1
52	1	3.211750e+02	1
53	1	3.301744e+02	1
54	1	0.000000e+00	0

# Timepoint: 2018.07.02 12:00:02
# Param: TPkni_out_B
1	1	3.270020e+02	1
2	1	0.000000e+00	0
3	1	3.326445e+02	1
4	1	3.276861e+02	1
5	1	3.366172e+02	1
6	1	3.312319e+02	1
7	1	3.225080e+02	1
8	1	3.351371e+02	1
9	1	3.246230e+02	1
10	1	3.296631e+02	1
11	1	3.261847e+02	1
12	1	3.320260e+02	1
13	1	0.000000e+00	0
14	1	3.300687e+02	1
15	1	3.244756e+02	1
16	1	3.335434e+02	1
17	1	3.299485e+02	1
18	1	3.322281e+02	1
19	1	3.323252e+02	1
20	1	3.314540e+02	1
21	1	3.247330e+02	1
22	1	3.269696e+02	1
23	1	3.271509e+02	1
24	1	3.254846e+02	1
25	1	3.267330e+02	1
26	1	3.252232e+02	1
27	1	0.000000e+00	0
28	1	3.318584e+02	1
29	1	3.307900e+02	1
30	1	3.239342e+02	1
31	1	3.361432e+02	1
32	1	3.313687e+02	1
33	1	3.369153e+02	1
34	1	0.000000e+00	0
35	1	3.308473e+02	1
36	1	3.325025e+02	1
37	1	3.358895e+02	1
38	1	3.325941e+02	1
39	1	3.316905e+02	1
40	1	3.292561e+02	1
41	1	0.000000e+00	0
42	1	3.322516e+02	1
43	1	3.307319e+02	1
44	1	3.253410e+02	1
45	1	3.245146e+02	1
46	1	3.364100e+02	1
47	1	3.372216e+02	1
48	1	3.239850e+02	1
49	1	3.327919e+02	1
50	1	3.336849e+02	1
51	1	3.312492e+02	1
52	1	3.211580e+02	1
53	1	3.298214e+02	1
54	1	0.000000e+00	0

# Timepoint: 2018.07.02 15:00:02
# Param: TPkni_out_B
1	1	3.273075e+02	1
2	1	0.000000e+00	0
3	1	3.331015e+02	1
4	1	3.279597e+02	1
5	1	3.368625e+02	1
6	1	3.317139e+02	1
7	1	3.226903e+02	1
8	1	3.356441e+02	1
9	1	3.249390e+02	1
10	1	3.298357e+02	1
11	1	3.263340e+02	1
12	1	3.323363e+02	1
13	1	0.000000e+00	0
14	1	3.303590e+02	1
15	1	3.248071e+02	1
16	1	3.337184e+02	1
17	1	3.306620e+02	1
18	1	3.327119e+02	1
19	1	3.328100e+02	1
20	1	3.317676e+02	1
21	1	3.250319e+02	1
22	1	3.273414e+02	1
23	1	3.274612e+02	1
24	1	3.257512e+02	1
25	1	3.268733e+02	1
26	1	3.254973e+02	1
27	1	0.000000e+00	0
28	1	3.319822e+02	1
29	1	3.308008e+02	1
30	1	3.241566e+02	1
31	1	3.365378e+02	1
32	1	3.317553e+02	1
33	1	3.373115e+02	1
34	1	0.000000e+00	0
35	1	3.312432e+02	1
36	1	3.329305e+02	1
37	1	3.361314e+02	1
38	1	3.328885e+02	1
39	1	3.321054e+02	1
40	1	3.294492e+02	1
41	1	0.000000e+00	0
42	1	3.324584e+02	1
43	1	3.310349e+02	1
44	1	3.257796e+02	1
45	1	3.248126e+02	1
46	1	3.370182e+02	1
47	1	3.375805e+02	1
48	1	3.244145e+02	1
49	1	3.332244e+02	1
50	1	3.340029e+02	1
51	1	3.315472e+02	1
52	1	3.213999e+02	1
53	1	3.303712e+02	1
54	1	0.000000e+00	0

# Timepoint: 2018.07.02 18:00:02
# Param: TPkni_out_B
1	1	3.271540e+02	1
2	1	0.000000e+00	0
3	1	3.328763e+02	1
4	1	3.277837e+02	1
5	1	3.366066e+02	1
6	1	3.314587e+02	1
7	1	3.224894e+02	1
8	1	3.353221e+02	1
9	1	3.247806e+02	1
10	1	3.297921e+02	1
11	1	3.261060e+02	1
12	1	3.321920e+02	1
13	1	0.000000e+00	0
14	1	3.302251e+02	1
15	1	3.246214e+02	1
16	1	3.336482e+02	1
17	1	3.305523e+02	1
18	1	3.324822e+02	1
19	1	3.325376e+02	1
20	1	3.317155e+02	1
21	1	3.247871e+02	1
22	1	3.270766e+02	1
23	1	3.272565e+02	1
24	1	3.255281e+02	1
25	1	3.267587e+02	1
26	1	3.252506e+02	1
27	1	0.000000e+00	0
28	1	3.318810e+02	1
29	1	3.309055e+02	1
30	1	3.240726e+02	1
31	1	3.363353e+02	1
32	1	3.316266e+02	1
33	1	3.370523e+02	1
34	1	0.000000e+00	0
35	1	3.309364e+02	1
36	1	3.326938e+02	1
37	1	3.359630e+02	1
38	1	3.326310e+02	1
39	1	3.318900e+02	1
40	1	3.293434e+02	1
41	1	0.000000e+00	0
42	1	3.324407e+02	1
43	1	3.308291e+02	1
44	1	3.255342e+02	1
45	1	3.246709e+02	1
46	1	3.369510e+02	1
47	1	3.373156e+02	1
48	1	3.242477e+02	1
49	1	3.329606e+02	1
50	1	3.338383e+02	1
51	1	3.313024e+02	1
52	1	3.211498e+02	1
53	1	3.302724e+02	1
54	1	0.000000e+00	0

# Timepoint: 2018.07.02 21:00:02
# Param: TPkni_out_B
1	1	3.266803e+02	1
2	1	0.000000e+00	0
3	1	3.324253e+02	1
4	1	3.274160e+02	1
5	1	3.362398e+02	1
6	1	3.308937e+02	1
7	1	3.220537e+02	1
8	1	3.345774e+02	1
9	1	3.243195e+02	1
10	1	3.292689e+02	1
11	1	3.256728e+02	1
12	1	3.318687e+02	1
13	1	0.000000e+00	0
14	1	3.297836e+02	1
15	1	3.240611e+02	1
16	1	3.331697e+02	1
17	1	3.299413e+02	1
18	1	3.320659e+02	1
19	1	3.322769e+02	1
20	1	3.311705e+02	1
21	1	3.242854e+02	1
22	1	3.266088e+02	1
23	1	3.268005e+02	1
24	1	3.251212e+02	1
25	1	3.263840e+02	1
26	1	3.247549e+02	1
27	1	0.000000e+00	0
28	1	3.314309e+02	1
29	1	3.304837e+02	1
30	1	3.235692e+02	1
31	1	3.358712e+02	1
32	1	3.311285e+02	1
33	1	3.365461e+02	1
34	1	0.000000e+00	0
35	1	3.304972e+02	1
36	1	3.323799e+02	1
37	1	3.355273e+02	1
38	1	3.322634e+02	1
39	1	3.313810e+02	1
40	1	3.288270e+02	1
41	1	0.000000e+00	0
42	1	3.321252e+02	1
43	1	3.303259e+02	1
44	1	3.250847e+02	1
45	1	3.241617e+02	1
46	1	3.364525e+02	1
47	1	3.368607e+02	1
48	1	3.238951e+02	1
49	1	3.325584e+02	1
50	1	3.333618e+02	1
51	1	3.309522e+02	1
52	1	3.208514e+02	1
53	1	3.296082e+02	1
54	1	0.000000e+00	0

# Timepoint: 2018.07.03 00:00:02
# Param: TPkni_out_B
1	1	3.265797e+02	1
2	1	0.000000e+00	0
3	1	3.325312e+02	1
4	1	3.273301e+02	1
5	1	3.359579e+02	1
6	1	3.308144e+02	1
7	1	3.221001e+02	1
8	1	3.344214e+02	1
9	1	3.242623e+02	1
10	1	3.292556e+02	1
11	1	3.257939e+02	1
12	1	3.315181e+02	1
13	1	0.000000e+00	0
14	1	3.295380e+02	1
15	1	3.240452e+02	1
16	1	3.329942e+02	1
17	1	3.297909e+02	1
18	1	3.321210e+02	1
19	1	3.321903e+02	1
20	1	3.310181e+02	1
21	1	3.243059e+02	1
22	1	3.265120e+02	1
23	1	3.267941e+02	1
24	1	3.249742e+02	1
25	1	3.262976e+02	1
26	1	3.248349e+02	1
27	1	0.000000e+00	0
28	1	3.312539e+02	1
29	1	3.303387e+02	1
30	1	3.235749e+02	1
31	1	3.356884e+02	1
32	1	3.309794e+02	1
33	1	3.363703e+02	1
34	1	0.000000e+00	0
35	1	3.304182e+02	1
36	1	3.323978e+02	1
37	1	3.354503e+02	1
38	1	3.321717e+02	1
39	1	3.313647e+02	1
40	1	3.286679e+02	1
41	1	0.000000e+00	0
42	1	3.318843e+02	1
43	1	3.302583e+02	1
44	1	3.249773e+02	1
45	1	3.240892e+02	1
46	1	3.362545e+02	1
47	1	3.367086e+02	1
48	1	3.237129e+02	1
49	1	3.326264e+02	1
50	1	3.331708e+02	1
51	1	3.306876e+02	1
52	1	3.206869e+02	1
53	1	3.294391e+02	1
54	1	0.000000e+00	0

# Timepoint: 2018.07.03 03:00:02
# Param: TPkni_out_B
1	1	3.273330e+02	1
2	1	0.000000e+00	0
3	1	3.330513e+02	1
4	1	3.281541e+02	1
5	1	3.369200e+02	1
6	1	3.316051e+02	1
7	1	3.226793e+02	1
8	1	3.352520e+02	1
9	1	3.251178e+02	1
10	1	3.299137e+02	1
11	1	3.266470e+02	1
12	1	3.325258e+02	1
13	1	0.000000e+00	0
14	1	3.302981e+02	1
15	1	3.248539e+02	1
16	1	3.339747e+02	1
17	1	3.306901e+02	1
18	1	3.327997e+02	1
19	1	3.327414e+02	1
20	1	3.317589e+02	1
21	1	3.251123e+02	1
22	1	3.273733e+02	1
23	1	3.276101e+02	1
24	1	3.258299e+02	1
25	1	3.270297e+02	1
26	1	3.255852e+02	1
27	1	0.000000e+00	0
28	1	3.322480e+02	1
29	1	3.311441e+02	1
30	1	3.243765e+02	1
31	1	3.364948e+02	1
32	1	3.318144e+02	1
33	1	3.373856e+02	1
34	1	0.000000e+00	0
35	1	3.312536e+02	1
36	1	3.330139e+02	1
37	1	3.361630e+02	1
38	1	3.330933e+02	1
39	1	3.322294e+02	1
40	1	3.295012e+02	1
41	1	0.000000e+00	0
42	1	3.327302e+02	1
43	1	3.310744e+02	1
44	1	3.259153e+02	1
45	1	3.249019e+02	1
46	1	3.370457e+02	1
47	1	3.376316e+02	1
48	1	3.245489e+02	1
49	1	3.332475e+02	1
50	1	3.340833e+02	1
51	1	3.315699e+02	1
52	1	3.215031e+02	1
53	1	3.303375e+02	1
54	1	0.000000e+00	0

# Timepoint: 2018.07.03 06:00:02
# Param: TPkni_out_B
1	1	3.211923e+02	1
2	1	0.000000e+00	0
3	1	3.236930e+02	1
4	1	3.202079e+02	1
5	1	3.277924e+02	1
6	1	3.248528e+02	1
7	1	3.170566e+02	1
8	1	3.265069e+02	1
9	1	3.185647e+02	1
10	1	3.235700e+02	1
11	1	3.204723e+02	1
12	1	3.252514e+02	1
13	1	0.000000e+00	0
14	1	3.238987e+02	1
15	1	3.180144e+02	1
16	1	3.254072e+02	1
17	1	3.239326e+02	1
18	1	3.234370e+02	1
19	1	3.234321e+02	1
20	1	3.250298e+02	1
21	1	3.181943e+02	1
22	1	3.194429e+02	1
23	1	3.196777e+02	1
24	1	3.189284e+02	1
25	1	3.210406e+02	1
26	1	3.185614e+02	1
27	1	0.000000e+00	0
28	1	3.251013e+02	1
29	1	3.243106e+02	1
30	1	3.175144e+02	1
31	1	3.275581e+02	1
32	1	3.250164e+02	1
33	1	3.280907e+02	1
34	1	0.000000e+00	0
35	1	3.244719e+02	1
36	1	3.236621e+02	1
37	1	3.276287e+02	1
38	1	3.260198e+02	1
39	1	3.252805e+02	1
40	1	3.230816e+02	1
41	1	0.000000e+00	0
42	1	3.257471e+02	1
43	1	3.245551e+02	1
44	1	3.186121e+02	1
45	1	3.181983e+02	1
46	1	3.280271e+02	1
47	1	3.283264e+02	1
48	1	3.177925e+02	1
49	1	3.239551e+02	1
50	1	3.268042e+02	1
51	1	3.248576e+02	1
52	1	3.160048e+02	1
53	1	3.234766e+02	1
54	1	0.000000e+00	0

# Timepoint: 2018.07.03 09:00:02
# Param: TPkni_out_B
1	1	3.264680e+02	1
2	1	0.000000e+00	0
3	1	3.312428e+02	1
4	1	3.270487e+02	1
5	1	3.357044e+02	1
6	1	3.307410e+02	1
7	1	3.220972e+02	1
8	1	3.345033e+02	1
9	1	3.243921e+02	1
10	1	3.290422e+02	1
11	1	3.259306e+02	1
12	1	3.314965e+02	1
13	1	0.000000e+00	0
14	1	3.296109e+02	1
15	1	3.240282e+02	1
16	1	3.326829e+02	1
17	1	3.297629e+02	1
18	1	3.308804e+02	1
19	1	3.309185e+02	1
20	1	3.310436e+02	1
21	1	3.243358e+02	1
22	1	3.264391e+02	1
23	1	3.265338e+02	1
24	1	3.251429e+02	1
25	1	3.261945e+02	1
26	1	3.246905e+02	1
27	1	0.000000e+00	0
28	1	3.314041e+02	1
29	1	3.303782e+02	1
30	1	3.234156e+02	1
31	1	3.352876e+02	1
32	1	3.312679e+02	1
33	1	3.360757e+02	1
34	1	0.000000e+00	0
35	1	3.303285e+02	1
36	1	3.311193e+02	1
37	1	3.350937e+02	1
38	1	3.321916e+02	1
39	1	3.314066e+02	1
40	1	3.287107e+02	1
41	1	0.000000e+00	0
42	1	3.315168e+02	1
43	1	3.301986e+02	1
44	1	3.249495e+02	1
45	1	3.241073e+02	1
46	1	3.356383e+02	1
47	1	3.362677e+02	1
48	1	3.236928e+02	1
49	1	3.314192e+02	1
50	1	3.331966e+02	1
51	1	3.310240e+02	1
52	1	3.205881e+02	1
53	1	3.298881e+02	1
54	1	0.000000e+00	0

# Timepoint: 2018.07.03 12:00:02
# Param: TPkni_out_B
1	1	3.265999e+02	1
2	1	0.000000e+00	0
3	1	3.325827e+02	1
4	1	3.275303e+02	1
5	1	3.364285e+02	1
6	1	3.311183e+02	1
7	1	3.221518e+02	1
8	1	3.351512e+02	1
9	1	3.245428e+02	1
10	1	3.293352e+02	1
11	1	3.258585e+02	1
12	1	3.316954e+02	1
13	1	0.000000e+00	0
14	1	3.296938e+02	1
15	1	3.242645e+02	1
16	1	3.331600e+02	1
17	1	3.295783e+02	1
18	1	3.321478e+02	1
19	1	3.322034e+02	1
20	1	3.312508e+02	1
21	1	3.245930e+02	1
22	1	3.269818e+02	1
23	1	3.270535e+02	1
24	1	3.253665e+02	1
25	1	3.263196e+02	1
26	1	3.250851e+02	1
27	1	0.000000e+00	0
28	1	3.315906e+02	1
29	1	3.304983e+02	1
30	1	3.237855e+02	1
31	1	3.359300e+02	1
32	1	3.311527e+02	1
33	1	3.369141e+02	1
34	1	0.000000e+00	0
35	1	3.306708e+02	1
36	1	3.324269e+02	1
37	1	3.357426e+02	1
38	1	3.322891e+02	1
39	1	3.316062e+02	1
40	1	3.288747e+02	1
41	1	0.000000e+00	0
42	1	3.319195e+02	1
43	1	3.304160e+02	1
44	1	3.251737e+02	1
45	1	3.243339e+02	1
46	1	3.364197e+02	1
47	1	3.371290e+02	1
48	1	3.240591e+02	1
49	1	3.326731e+02	1
50	1	3.333528e+02	1
51	1	3.310672e+02	1
52	1	3.207596e+02	1
53	1	3.297973e+02	1
54	1	0.000000e+00	0

# Timepoint: 2018.07.03 15:00:02
# Param: TPkni_out_B
1	1	3.269797e+02	1
2	1	0.000000e+00	0
3	1	3.321674e+02	1
4	1	3.277582e+02	1
5	1	3.367074e+02	1
6	1	3.313355e+02	1
7	1	3.225672e+02	1
8	1	3.350594e+02	1
9	1	3.246678e+02	1
10	1	3.296415e+02	1
11	1	3.264030e+02	1
12	1	3.320244e+02	1
13	1	0.000000e+00	0
14	1	3.300998e+02	1
15	1	3.244538e+02	1
16	1	3.334893e+02	1
17	1	3.298439e+02	1
18	1	3.318510e+02	1
19	1	3.318958e+02	1
20	1	3.315546e+02	1
21	1	3.247854e+02	1
22	1	3.271764e+02	1
23	1	3.271497e+02	1
24	1	3.255056e+02	1
25	1	3.266366e+02	1
26	1	3.251880e+02	1
27	1	0.000000e+00	0
28	1	3.317812e+02	1
29	1	3.305616e+02	1
30	1	3.239433e+02	1
31	1	3.361006e+02	1
32	1	3.316668e+02	1
33	1	3.369525e+02	1
34	1	0.000000e+00	0
35	1	3.309860e+02	1
36	1	3.320462e+02	1
37	1	3.358440e+02	1
38	1	3.326100e+02	1
39	1	3.317890e+02	1
40	1	3.291561e+02	1
41	1	0.000000e+00	0
42	1	3.323048e+02	1
43	1	3.307004e+02	1
44	1	3.254816e+02	1
45	1	3.245447e+02	1
46	1	3.368589e+02	1
47	1	3.372800e+02	1
48	1	3.240900e+02	1
49	1	3.323138e+02	1
50	1	3.337078e+02	1
51	1	3.313631e+02	1
52	1	3.210952e+02	1
53	1	3.299394e+02	1
54	1	0.000000e+00	0

# Timepoint: 2018.07.03 18:00:02
# Param: TPkni_out_B
1	1	3.270307e+02	1
2	1	0.000000e+00	0
3	1	3.310516e+02	1
4	1	3.274418e+02	1
5	1	3.362756e+02	1
6	1	3.313702e+02	1
7	1	3.224618e+02	1
8	1	3.348064e+02	1
9	1	3.245701e+02	1
10	1	3.296537e+02	1
11	1	3.261484e+02	1
12	1	3.318543e+02	1
13	1	0.000000e+00	0
14	1	3.300786e+02	1
15	1	3.243872e+02	1
16	1	3.330629e+02	1
17	1	3.302654e+02	1
18	1	3.306612e+02	1
19	1	3.307449e+02	1
20	1	3.315022e+02	1
21	1	3.246170e+02	1
22	1	3.268911e+02	1
23	1	3.267171e+02	1
24	1	3.253126e+02	1
25	1	3.265888e+02	1
26	1	3.249700e+02	1
27	1	0.000000e+00	0
28	1	3.317892e+02	1
29	1	3.307472e+02	1
30	1	3.236320e+02	1
31	1	3.357803e+02	1
32	1	3.315385e+02	1
33	1	3.366992e+02	1
34	1	0.000000e+00	0
35	1	3.309101e+02	1
36	1	3.310616e+02	1
37	1	3.354240e+02	1
38	1	3.324215e+02	1
39	1	3.317339e+02	1
40	1	3.292353e+02	1
41	1	0.000000e+00	0
42	1	3.323235e+02	1
43	1	3.308905e+02	1
44	1	3.251636e+02	1
45	1	3.243880e+02	1
46	1	3.364321e+02	1
47	1	3.369073e+02	1
48	1	3.239448e+02	1
49	1	3.311996e+02	1
50	1	3.336098e+02	1
51	1	3.312420e+02	1
52	1	3.211521e+02	1
53	1	3.298351e+02	1
54	1	0.000000e+00	0

# Timepoint: 2018.07.03 21:00:02
# Param: TPkni_out_B
1	1	3.269531e+02	1
2	1	0.000000e+00	0
3	1	3.310322e+02	1
4	1	3.271599e+02	1
5	1	3.360207e+02	1
6	1	3.310930e+02	1
7	1	3.222684e+02	1
8	1	3.342820e+02	1
9	1	3.244363e+02	1
10	1	3.293984e+02	1
11	1	3.259505e+02	1
12	1	3.317484e+02	1
13	1	0.000000e+00	0
14	1	3.301283e+02	1
15	1	3.241064e+02	1
16	1	3.328092e+02	1
17	1	3.300367e+02	1
18	1	3.306601e+02	1
19	1	3.307538e+02	1
20	1	3.311703e+02	1
21	1	3.243014e+02	1
22	1	3.265223e+02	1
23	1	3.264974e+02	1
24	1	3.250969e+02	1
25	1	3.267193e+02	1
26	1	3.246688e+02	1
27	1	0.000000e+00	0
28	1	3.315751e+02	1
29	1	3.306016e+02	1
30	1	3.233473e+02	1
31	1	3.355864e+02	1
32	1	3.313065e+02	1
33	1	3.363718e+02	1
34	1	0.000000e+00	0
35	1	3.306490e+02	1
36	1	3.307624e+02	1
37	1	3.351950e+02	1
38	1	3.323144e+02	1
39	1	3.312849e+02	1
40	1	3.289886e+02	1
41	1	0.000000e+00	0
42	1	3.320381e+02	1
43	1	3.306043e+02	1
44	1	3.249278e+02	1
45	1	3.241522e+02	1
46	1	3.361745e+02	1
47	1	3.366400e+02	1
48	1	3.237411e+02	1
49	1	3.310876e+02	1
50	1	3.335107e+02	1
51	1	3.309891e+02	1
52	1	3.211046e+02	1
53	1	3.299365e+02	1
54	1	0.000000e+00	0

# Timepoint: 2018.07.04 00:00:02
# Param: TPkni_out_B
1	1	3.271865e+02	1
2	1	0.000000e+00	0
3	1	3.311697e+02	1
4	1	3.274733e+02	1
5	1	3.361605e+02	1
6	1	3.313516e+02	1
7	1	3.225088e+02	1
8	1	3.345294e+02	1
9	1	3.246371e+02	1
10	1	3.298015e+02	1
11	1	3.263468e+02	1
12	1	3.320272e+02	1
13	1	0.000000e+00	0
14	1	3.303133e+02	1
15	1	3.243491e+02	1
16	1	3.330266e+02	1
17	1	3.303775e+02	1
18	1	3.307679e+02	1
19	1	3.309440e+02	1
20	1	3.315802e+02	1
21	1	3.245641e+02	1
22	1	3.267859e+02	1
23	1	3.267502e+02	1
24	1	3.253370e+02	1
25	1	3.266526e+02	1
26	1	3.249771e+02	1
27	1	0.000000e+00	0
28	1	3.319168e+02	1
29	1	3.308552e+02	1
30	1	3.236511e+02	1
31	1	3.357110e+02	1
32	1	3.316493e+02	1
33	1	3.366142e+02	1
34	1	0.000000e+00	0
35	1	3.308463e+02	1
36	1	3.309435e+02	1
37	1	3.353922e+02	1
38	1	3.325973e+02	1
39	1	3.315606e+02	1
40	1	3.293156e+02	1
41	1	0.000000e+00	0
42	1	3.324207e+02	1
43	1	3.309585e+02	1
44	1	3.253310e+02	1
45	1	3.245027e+02	1
46	1	3.363889e+02	1
47	1	3.369223e+02	1
48	1	3.238211e+02	1
49	1	3.312408e+02	1
50	1	3.337655e+02	1
51	1	3.313422e+02	1
52	1	3.212792e+02	1
53	1	3.299750e+02	1
54	1	0.000000e+00	0

# Timepoint: 2018.07.04 03:00:02
# Param: TPkni_out_B
1	1	3.269877e+02	1
2	1	0.000000e+00	0
3	1	3.309431e+02	1
4	1	3.271966e+02	1
5	1	3.359778e+02	1
6	1	3.312661e+02	1
7	1	3.223452e+02	1
8	1	3.343535e+02	1
9	1	3.244707e+02	1
10	1	3.296461e+02	1
11	1	3.259964e+02	1
12	1	3.317352e+02	1
13	1	0.000000e+00	0
14	1	3.300334e+02	1
15	1	3.241374e+02	1
16	1	3.329798e+02	1
17	1	3.298466e+02	1
18	1	3.305780e+02	1
19	1	3.305721e+02	1
20	1	3.312021e+02	1
21	1	3.244344e+02	1
22	1	3.265555e+02	1
23	1	3.264597e+02	1
24	1	3.250788e+02	1
25	1	3.267491e+02	1
26	1	3.248298e+02	1
27	1	0.000000e+00	0
28	1	3.316271e+02	1
29	1	3.305986e+02	1
30	1	3.234255e+02	1
31	1	3.355430e+02	1
32	1	3.312941e+02	1
33	1	3.364487e+02	1
34	1	0.000000e+00	0
35	1	3.307034e+02	1
36	1	3.307594e+02	1
37	1	3.351519e+02	1
38	1	3.323239e+02	1
39	1	3.314965e+02	1
40	1	3.290966e+02	1
41	1	0.000000e+00	0
42	1	3.322254e+02	1
43	1	3.306631e+02	1
44	1	3.250208e+02	1
45	1	3.242506e+02	1
46	1	3.360077e+02	1
47	1	3.365113e+02	1
48	1	3.237324e+02	1
49	1	3.310256e+02	1
50	1	3.335402e+02	1
51	1	3.311545e+02	1
52	1	3.210848e+02	1
53	1	3.297562e+02	1
54	1	0.000000e+00	0

# Timepoint: 2018.07.04 06:00:02
# Param: TPkni_out_B
1	1	3.272487e+02	1
2	1	0.000000e+00	0
3	1	3.322076e+02	1
4	1	3.277100e+02	1
5	1	3.366790e+02	1
6	1	3.315700e+02	1
7	1	3.226106e+02	1
8	1	3.349800e+02	1
9	1	3.248309e+02	1
10	1	3.298870e+02	1
11	1	3.264030e+02	1
12	1	3.322724e+02	1
13	1	0.000000e+00	0
14	1	3.303388e+02	1
15	1	3.245285e+02	1
16	1	3.336807e+02	1
17	1	3.303194e+02	1
18	1	3.317519e+02	1
19	1	3.318148e+02	1
20	1	3.316972e+02	1
21	1	3.248090e+02	1
22	1	3.270042e+02	1
23	1	3.271075e+02	1
24	1	3.255164e+02	1
25	1	3.269232e+02	1
26	1	3.253003e+02	1
27	1	0.000000e+00	0
28	1	3.318677e+02	1
29	1	3.309988e+02	1
30	1	3.239710e+02	1
31	1	3.361267e+02	1
32	1	3.318750e+02	1
33	1	3.370347e+02	1
34	1	0.000000e+00	0
35	1	3.311645e+02	1
36	1	3.321348e+02	1
37	1	3.358910e+02	1
38	1	3.328751e+02	1
39	1	3.320836e+02	1
40	1	3.293832e+02	1
41	1	0.000000e+00	0
42	1	3.325909e+02	1
43	1	3.309974e+02	1
44	1	3.254552e+02	1
45	1	3.246486e+02	1
46	1	3.366163e+02	1
47	1	3.371937e+02	1
48	1	3.241393e+02	1
49	1	3.323900e+02	1
50	1	3.338652e+02	1
51	1	3.314800e+02	1
52	1	3.213042e+02	1
53	1	3.302484e+02	1
54	1	0.000000e+00	0

# Timepoint: 2018.07.04 09:00:02
# Param: TPkni_out_B
1	1	3.199400e+02	1
2	1	0.000000e+00	0
3	1	3.210941e+02	1
4	1	3.183592e+02	1
5	1	3.258781e+02	1
6	1	3.234800e+02	1
7	1	3.158489e+02	1
8	1	3.251173e+02	1
9	1	3.170468e+02	1
10	1	3.222610e+02	1
11	1	3.191620e+02	1
12	1	3.235504e+02	1
13	1	0.000000e+00	0
14	1	3.224130e+02	1
15	1	3.165533e+02	1
16	1	3.236157e+02	1
17	1	3.227633e+02	1
18	1	3.208564e+02	1
19	1	3.210253e+02	1
20	1	3.233952e+02	1
21	1	3.165740e+02	1
22	1	3.178407e+02	1
23	1	3.178447e+02	1
24	1	3.172415e+02	1
25	1	3.197487e+02	1
26	1	3.169297e+02	1
27	1	0.000000e+00	0
28	1	3.233207e+02	1
29	1	3.225856e+02	1
30	1	3.158066e+02	1
31	1	3.257288e+02	1
32	1	3.234489e+02	1
33	1	3.262062e+02	1
34	1	0.000000e+00	0
35	1	3.228781e+02	1
36	1	3.210623e+02	1
37	1	3.255814e+02	1
38	1	3.241996e+02	1
39	1	3.237812e+02	1
40	1	3.216978e+02	1
41	1	0.000000e+00	0
42	1	3.244051e+02	1
43	1	3.231566e+02	1
44	1	3.170117e+02	1
45	1	3.166458e+02	1
46	1	3.261800e+02	1
47	1	3.265405e+02	1
48	1	3.161712e+02	1
49	1	3.214504e+02	1
50	1	3.251700e+02	1
51	1	3.233398e+02	1
52	1	3.148025e+02	1
53	1	3.218857e+02	1
54	1	0.000000e+00	0

# Timepoint: 2018.07.04 12:00:02
# Param: TPkni_out_B
1	1	3.273849e+02	1
2	1	0.000000e+00	0
3	1	3.333635e+02	1
4	1	3.281021e+02	1
5	1	3.368111e+02	1
6	1	3.317142e+02	1
7	1	3.227790e+02	1
8	1	3.355012e+02	1
9	1	3.251197e+02	1
10	1	3.301888e+02	1
11	1	3.267011e+02	1
12	1	3.326545e+02	1
13	1	0.000000e+00	0
14	1	3.304414e+02	1
15	1	3.248592e+02	1
16	1	3.339547e+02	1
17	1	3.304510e+02	1
18	1	3.329369e+02	1
19	1	3.330889e+02	1
20	1	3.318488e+02	1
21	1	3.251758e+02	1
22	1	3.272717e+02	1
23	1	3.275845e+02	1
24	1	3.258963e+02	1
25	1	3.271610e+02	1
26	1	3.256924e+02	1
27	1	0.000000e+00	0
28	1	3.323512e+02	1
29	1	3.311830e+02	1
30	1	3.244333e+02	1
31	1	3.364979e+02	1
32	1	3.318813e+02	1
33	1	3.373444e+02	1
34	1	0.000000e+00	0
35	1	3.313616e+02	1
36	1	3.333980e+02	1
37	1	3.363455e+02	1
38	1	3.329843e+02	1
39	1	3.323340e+02	1
40	1	3.296673e+02	1
41	1	0.000000e+00	0
42	1	3.326619e+02	1
43	1	3.312636e+02	1
44	1	3.258186e+02	1
45	1	3.249337e+02	1
46	1	3.367410e+02	1
47	1	3.374541e+02	1
48	1	3.246125e+02	1
49	1	3.335899e+02	1
50	1	3.341774e+02	1
51	1	3.317296e+02	1
52	1	3.214914e+02	1
53	1	3.303396e+02	1
54	1	0.000000e+00	0

# Timepoint: 2018.07.04 15:00:02
# Param: TPkni_out_B
1	1	3.207551e+02	1
2	1	0.000000e+00	0
3	1	3.231644e+02	1
4	1	3.196992e+02	1
5	1	3.273945e+02	1
6	1	3.244141e+02	1
7	1	3.167091e+02	1
8	1	3.261283e+02	1
9	1	3.180287e+02	1
10	1	3.232902e+02	1
11	1	3.201552e+02	1
12	1	3.247654e+02	1
13	1	0.000000e+00	0
14	1	3.234019e+02	1
15	1	3.175928e+02	1
16	1	3.249905e+02	1
17	1	3.235940e+02	1
18	1	3.229510e+02	1
19	1	3.229833e+02	1
20	1	3.245518e+02	1
21	1	3.177038e+02	1
22	1	3.190451e+02	1
23	1	3.192227e+02	1
24	1	3.184201e+02	1
25	1	3.204560e+02	1
26	1	3.182863e+02	1
27	1	0.000000e+00	0
28	1	3.246460e+02	1
29	1	3.238196e+02	1
30	1	3.170280e+02	1
31	1	3.270958e+02	1
32	1	3.244654e+02	1
33	1	3.276212e+02	1
34	1	0.000000e+00	0
35	1	3.239489e+02	1
36	1	3.231407e+02	1
37	1	3.271682e+02	1
38	1	3.253874e+02	1
39	1	3.249147e+02	1
40	1	3.226831e+02	1
41	1	0.000000e+00	0
42	1	3.254865e+02	1
43	1	3.242248e+02	1
44	1	3.181498e+02	1
45	1	3.177351e+02	1
46	1	3.275275e+02	1
47	1	3.278809e+02	1
48	1	3.173562e+02	1
49	1	3.234761e+02	1
50	1	3.262659e+02	1
51	1	3.244886e+02	1
52	1	3.155942e+02	1
53	1	3.229362e+02	1
54	1	0.000000e+00	0

# Timepoint: 2018.07.04 18:00:02
# Param: TPkni_out_B
1	1	3.213288e+02	1
2	1	0.000000e+00	0
3	1	3.242134e+02	1
4	1	3.205143e+02	1
5	1	3.282042e+02	1
6	1	3.249640e+02	1
7	1	3.172475e+02	1
8	1	3.272109e+02	1
9	1	3.187050e+02	1
10	1	3.238661e+02	1
11	1	3.205752e+02	1
12	1	3.254741e+02	1
13	1	0.000000e+00	0
14	1	3.239487e+02	1
15	1	3.181701e+02	1
16	1	3.258973e+02	1
17	1	3.243459e+02	1
18	1	3.239738e+02	1
19	1	3.240348e+02	1
20	1	3.251780e+02	1
21	1	3.183725e+02	1
22	1	3.197775e+02	1
23	1	3.199827e+02	1
24	1	3.191317e+02	1
25	1	3.211467e+02	1
26	1	3.188640e+02	1
27	1	0.000000e+00	0
28	1	3.252324e+02	1
29	1	3.244653e+02	1
30	1	3.177188e+02	1
31	1	3.280844e+02	1
32	1	3.250827e+02	1
33	1	3.284984e+02	1
34	1	0.000000e+00	0
35	1	3.246050e+02	1
36	1	3.241626e+02	1
37	1	3.279538e+02	1
38	1	3.261192e+02	1
39	1	3.255708e+02	1
40	1	3.232107e+02	1
41	1	0.000000e+00	0
42	1	3.260480e+02	1
43	1	3.247623e+02	1
44	1	3.188640e+02	1
45	1	3.183546e+02	1
46	1	3.284198e+02	1
47	1	3.288944e+02	1
48	1	3.179519e+02	1
49	1	3.244990e+02	1
50	1	3.269948e+02	1
51	1	3.251922e+02	1
52	1	3.162614e+02	1
53	1	3.236987e+02	1
54	1	0.000000e+00	0

# Timepoint: 2018.07.06 03:00:50
# Param: TPkni_out_B
1	1	3.265537e+02	1
2	1	0.000000e+00	0
3	1	3.319864e+02	1
4	1	3.272025e+02	1
5	1	3.360486e+02	1
6	1	3.307483e+02	1
7	1	3.219430e+02	1
8	1	3.342625e+02	1
9	1	3.242499e+02	1
10	1	3.291834e+02	1
11	1	3.256929e+02	1
12	1	3.317354e+02	1
13	1	0.000000e+00	0
14	1	3.297130e+02	1
15	1	3.239263e+02	1
16	1	3.329264e+02	1
17	1	3.294922e+02	1
18	1	3.315325e+02	1
19	1	3.317490e+02	1
20	1	3.309592e+02	1
21	1	3.242749e+02	1
22	1	3.264562e+02	1
23	1	3.266006e+02	1
24	1	3.250768e+02	1
25	1	3.261064e+02	1
26	1	3.247576e+02	1
27	1	0.000000e+00	0
28	1	3.313135e+02	1
29	1	3.302707e+02	1
30	1	3.234991e+02	1
31	1	3.355193e+02	1
32	1	3.311181e+02	1
33	1	3.364063e+02	1
34	1	0.000000e+00	0
35	1	3.304852e+02	1
36	1	3.317677e+02	1
37	1	3.351766e+02	1
38	1	3.321135e+02	1
39	1	3.313154e+02	1
40	1	3.286446e+02	1
41	1	0.000000e+00	0
42	1	3.317863e+02	1
43	1	3.302904e+02	1
44	1	3.248836e+02	1
45	1	3.240478e+02	1
46	1	3.361617e+02	1
47	1	3.366951e+02	1
48	1	3.236812e+02	1
49	1	3.320540e+02	1
50	1	3.331747e+02	1
51	1	3.308670e+02	1
52	1	3.206373e+02	1
53	1	3.296147e+02	1
54	1	0.000000e+00	0

# Timepoint: 2018.07.06 06:00:50
# Param: TPkni_out_B
1	1	3.263419e+02	1
2	1	0.000000e+00	0
3	1	3.320758e+02	1
4	1	3.273647e+02	1
5	1	3.361905e+02	1
6	1	3.309312e+02	1
7	1	3.221958e+02	1
8	1	3.343509e+02	1
9	1	3.243141e+02	1
10	1	3.293517e+02	1
11	1	3.257599e+02	1
12	1	3.317272e+02	1
13	1	0.000000e+00	0
14	1	3.297869e+02	1
15	1	3.240996e+02	1
16	1	3.329977e+02	1
17	1	3.300466e+02	1
18	1	3.316236e+02	1
19	1	3.317458e+02	1
20	1	3.311050e+02	1
21	1	3.244340e+02	1
22	1	3.266488e+02	1
23	1	3.267919e+02	1
24	1	3.251527e+02	1
25	1	3.264542e+02	1
26	1	3.248554e+02	1
27	1	0.000000e+00	0
28	1	3.314226e+02	1
29	1	3.303705e+02	1
30	1	3.236307e+02	1
31	1	3.356898e+02	1
32	1	3.311544e+02	1
33	1	3.365308e+02	1
34	1	0.000000e+00	0
35	1	3.307427e+02	1
36	1	3.319070e+02	1
37	1	3.354183e+02	1
38	1	3.323510e+02	1
39	1	3.313990e+02	1
40	1	3.287798e+02	1
41	1	0.000000e+00	0
42	1	3.318825e+02	1
43	1	3.304016e+02	1
44	1	3.250735e+02	1
45	1	3.242109e+02	1
46	1	3.362765e+02	1
47	1	3.367874e+02	1
48	1	3.238960e+02	1
49	1	3.321687e+02	1
50	1	3.333069e+02	1
51	1	3.309687e+02	1
52	1	3.207046e+02	1
53	1	3.297224e+02	1
54	1	0.000000e+00	0

# Timepoint: 2018.07.06 09:00:50
# Param: TPkni_out_B
1	1	3.266169e+02	1
2	1	0.000000e+00	0
3	1	3.321226e+02	1
4	1	3.273416e+02	1
5	1	3.362545e+02	1
6	1	3.309555e+02	1
7	1	3.222433e+02	1
8	1	3.344830e+02	1
9	1	3.243889e+02	1
10	1	3.292555e+02	1
11	1	3.260023e+02	1
12	1	3.316962e+02	1
13	1	0.000000e+00	0
14	1	3.297963e+02	1
15	1	3.241337e+02	1
16	1	3.330249e+02	1
17	1	3.297897e+02	1
18	1	3.317068e+02	1
19	1	3.317179e+02	1
20	1	3.310519e+02	1
21	1	3.244595e+02	1
22	1	3.266727e+02	1
23	1	3.267492e+02	1
24	1	3.251014e+02	1
25	1	3.261302e+02	1
26	1	3.249422e+02	1
27	1	0.000000e+00	0
28	1	3.313301e+02	1
29	1	3.304706e+02	1
30	1	3.236091e+02	1
31	1	3.356414e+02	1
32	1	3.311053e+02	1
33	1	3.365557e+02	1
34	1	0.000000e+00	0
35	1	3.306352e+02	1
36	1	3.320400e+02	1
37	1	3.353705e+02	1
38	1	3.321607e+02	1
39	1	3.313293e+02	1
40	1	3.287581e+02	1
41	1	0.000000e+00	0
42	1	3.319274e+02	1
43	1	3.304829e+02	1
44	1	3.250337e+02	1
45	1	3.242053e+02	1
46	1	3.362952e+02	1
47	1	3.368227e+02	1
48	1	3.237693e+02	1
49	1	3.322339e+02	1
50	1	3.332682e+02	1
51	1	3.309313e+02	1
52	1	3.207289e+02	1
53	1	3.296990e+02	1
54	1	0.000000e+00	0

# Timepoint: 2018.07.06 12:00:50
# Param: TPkni_out_B
1	1	3.153171e+02	1
2	1	0.000000e+00	0
3	1	3.170269e+02	1
4	1	3.134843e+02	1
5	1	3.197023e+02	1
6	1	3.180101e+02	1
7	1	3.117336e+02	1
8	1	3.179081e+02	1
9	1	3.122275e+02	1
10	1	3.162339e+02	1
11	1	3.145258e+02	1
12	1	3.186188e+02	1
13	1	0.000000e+00	0
14	1	3.174088e+02	1
15	1	3.117991e+02	1
16	1	3.181648e+02	1
17	1	3.177271e+02	1
18	1	3.168877e+02	1
19	1	3.166589e+02	1
20	1	3.179259e+02	1
21	1	3.115641e+02	1
22	1	3.122409e+02	1
23	1	3.129810e+02	1
24	1	3.119781e+02	1
25	1	3.141778e+02	1
26	1	3.113938e+02	1
27	1	0.000000e+00	0
28	1	3.179331e+02	1
29	1	3.176028e+02	1
30	1	3.117340e+02	1
31	1	3.197656e+02	1
32	1	3.182451e+02	1
33	1	3.201992e+02	1
34	1	0.000000e+00	0
35	1	3.170919e+02	1
36	1	3.162160e+02	1
37	1	3.192071e+02	1
38	1	3.186524e+02	1
39	1	3.175605e+02	1
40	1	3.164257e+02	1
41	1	0.000000e+00	0
42	1	3.191671e+02	1
43	1	3.182751e+02	1
44	1	3.123975e+02	1
45	1	3.120722e+02	1
46	1	3.199917e+02	1
47	1	3.200954e+02	1
48	1	3.116121e+02	1
49	1	3.162707e+02	1
50	1	3.185396e+02	1
51	1	3.174606e+02	1
52	1	3.107244e+02	1
53	1	3.167607e+02	1
54	1	0.000000e+00	0

# Timepoint: 2018.07.06 15:00:50
# Param: TPkni_out_B
1	1	3.168232e+02	1
2	1	0.000000e+00	0
3	1	3.145563e+02	1
4	1	3.133971e+02	1
5	1	3.198701e+02	1
6	1	3.199797e+02	1
7	1	3.129824e+02	1
8	1	3.194403e+02	1
9	1	3.133365e+02	1
10	1	3.196419e+02	1
11	1	3.163412e+02	1
12	1	3.195210e+02	1
13	1	0.000000e+00	0
14	1	3.191584e+02	1
15	1	3.124101e+02	1
16	1	3.183494e+02	1
17	1	3.193518e+02	1
18	1	3.144557e+02	1
19	1	3.145389e+02	1
20	1	3.195654e+02	1
21	1	3.127213e+02	1
22	1	3.129566e+02	1
23	1	3.128296e+02	1
24	1	3.131194e+02	1
25	1	3.174269e+02	1
26	1	3.129447e+02	1
27	1	0.000000e+00	0
28	1	3.193200e+02	1
29	1	3.193475e+02	1
30	1	3.118382e+02	1
31	1	3.199249e+02	1
32	1	3.200346e+02	1
33	1	3.200438e+02	1
34	1	0.000000e+00	0
35	1	3.196313e+02	1
36	1	3.147722e+02	1
37	1	3.198966e+02	1
38	1	3.199369e+02	1
39	1	3.204396e+02	1
40	1	3.184243e+02	1
41	1	0.000000e+00	0
42	1	3.209399e+02	1
43	1	3.201842e+02	1
44	1	3.128600e+02	1
45	1	3.127271e+02	1
46	1	3.195950e+02	1
47	1	3.203379e+02	1
48	1	3.120770e+02	1
49	1	3.151342e+02	1
50	1	3.216354e+02	1
51	1	3.200580e+02	1
52	1	3.119836e+02	1
53	1	3.181566e+02	1
54	1	0.000000e+00	0

# Timepoint: 2018.07.06 18:00:50
# Param: TPkni_out_B
1	1	3.122939e+02	1
2	1	0.000000e+00	0
3	1	3.097652e+02	1
4	1	3.086615e+02	1
5	1	3.136905e+02	1
6	1	3.151599e+02	1
7	1	3.087912e+02	1
8	1	3.137320e+02	1
9	1	3.090554e+02	1
10	1	3.146790e+02	1
11	1	3.119701e+02	1
12	1	3.145342e+02	1
13	1	0.000000e+00	0
14	1	3.140605e+02	1
15	1	3.083780e+02	1
16	1	3.129278e+02	1
17	1	3.138708e+02	1
18	1	3.096797e+02	1
19	1	3.093889e+02	1
20	1	3.142355e+02	1
21	1	3.083311e+02	1
22	1	3.083900e+02	1
23	1	3.080966e+02	1
24	1	3.090344e+02	1
25	1	3.126049e+02	1
26	1	3.090978e+02	1
27	1	0.000000e+00	0
28	1	3.142974e+02	1
29	1	3.138071e+02	1
30	1	3.076876e+02	1
31	1	3.140176e+02	1
32	1	3.149925e+02	1
33	1	3.141196e+02	1
34	1	0.000000e+00	0
35	1	3.144567e+02	1
36	1	3.102538e+02	1
37	1	3.143721e+02	1
38	1	3.149558e+02	1
39	1	3.154549e+02	1
40	1	3.137783e+02	1
41	1	0.000000e+00	0
42	1	3.157474e+02	1
43	1	3.148199e+02	1
44	1	3.085006e+02	1
45	1	3.084131e+02	1
46	1	3.140632e+02	1
47	1	3.143528e+02	1
48	1	3.078804e+02	1
49	1	3.105706e+02	1
50	1	3.164623e+02	1
51	1	3.151981e+02	1
52	1	3.083814e+02	1
53	1	3.128140e+02	1
54	1	0.000000e+00	0

# Timepoint: 2018.07.06 21:00:50
# Param: TPkni_out_B
1	1	3.204132e+02	1
2	1	0.000000e+00	0
3	1	3.222073e+02	1
4	1	3.191921e+02	1
5	1	3.263123e+02	1
6	1	3.240483e+02	1
7	1	3.162421e+02	1
8	1	3.257763e+02	1
9	1	3.178128e+02	1
10	1	3.232491e+02	1
11	1	3.200497e+02	1
12	1	3.243776e+02	1
13	1	0.000000e+00	0
14	1	3.229959e+02	1
15	1	3.171286e+02	1
16	1	3.243623e+02	1
17	1	3.229924e+02	1
18	1	3.220283e+02	1
19	1	3.217538e+02	1
20	1	3.237545e+02	1
21	1	3.174955e+02	1
22	1	3.186463e+02	1
23	1	3.184956e+02	1
24	1	3.183465e+02	1
25	1	3.205636e+02	1
26	1	3.180418e+02	1
27	1	0.000000e+00	0
28	1	3.242066e+02	1
29	1	3.232707e+02	1
30	1	3.167058e+02	1
31	1	3.261567e+02	1
32	1	3.243019e+02	1
33	1	3.267423e+02	1
34	1	0.000000e+00	0
35	1	3.237865e+02	1
36	1	3.225858e+02	1
37	1	3.264273e+02	1
38	1	3.247870e+02	1
39	1	3.245594e+02	1
40	1	3.224315e+02	1
41	1	0.000000e+00	0
42	1	3.247296e+02	1
43	1	3.237672e+02	1
44	1	3.178784e+02	1
45	1	3.172071e+02	1
46	1	3.264551e+02	1
47	1	3.270753e+02	1
48	1	3.168513e+02	1
49	1	3.229371e+02	1
50	1	3.263522e+02	1
51	1	3.244354e+02	1
52	1	3.154541e+02	1
53	1	3.223972e+02	1
54	1	0.000000e+00	0

# Timepoint: 2018.07.07 00:00:50
# Param: TPkni_out_B
1	1	3.213547e+02	1
2	1	0.000000e+00	0
3	1	3.251142e+02	1
4	1	3.209349e+02	1
5	1	3.287258e+02	1
6	1	3.250051e+02	1
7	1	3.170534e+02	1
8	1	3.276836e+02	1
9	1	3.187289e+02	1
10	1	3.237994e+02	1
11	1	3.206653e+02	1
12	1	3.255640e+02	1
13	1	0.000000e+00	0
14	1	3.240179e+02	1
15	1	3.184765e+02	1
16	1	3.264463e+02	1
17	1	3.240551e+02	1
18	1	3.246864e+02	1
19	1	3.247905e+02	1
20	1	3.250416e+02	1
21	1	3.186246e+02	1
22	1	3.204292e+02	1
23	1	3.204053e+02	1
24	1	3.193524e+02	1
25	1	3.215768e+02	1
26	1	3.192479e+02	1
27	1	0.000000e+00	0
28	1	3.252824e+02	1
29	1	3.244822e+02	1
30	1	3.179513e+02	1
31	1	3.285193e+02	1
32	1	3.250838e+02	1
33	1	3.290193e+02	1
34	1	0.000000e+00	0
35	1	3.247495e+02	1
36	1	3.250009e+02	1
37	1	3.283862e+02	1
38	1	3.259037e+02	1
39	1	3.256693e+02	1
40	1	3.232075e+02	1
41	1	0.000000e+00	0
42	1	3.261626e+02	1
43	1	3.246880e+02	1
44	1	3.192702e+02	1
45	1	3.186215e+02	1
46	1	3.287679e+02	1
47	1	3.293556e+02	1
48	1	3.181429e+02	1
49	1	3.252577e+02	1
50	1	3.270786e+02	1
51	1	3.251933e+02	1
52	1	3.160806e+02	1
53	1	3.236107e+02	1
54	1	0.000000e+00	0

# Timepoint: 2018.07.07 03:00:50
# Param: TPkni_out_B
1	1	3.227290e+02	1
2	1	0.000000e+00	0
3	1	3.269591e+02	1
4	1	3.225457e+02	1
5	1	3.309317e+02	1
6	1	3.263079e+02	1
7	1	3.184873e+02	1
8	1	3.294980e+02	1
9	1	3.200191e+02	1
10	1	3.250908e+02	1
11	1	3.218185e+02	1
12	1	3.269806e+02	1
13	1	0.000000e+00	0
14	1	3.253902e+02	1
15	1	3.200555e+02	1
16	1	3.282433e+02	1
17	1	3.258986e+02	1
18	1	3.262250e+02	1
19	1	3.265223e+02	1
20	1	3.266490e+02	1
21	1	3.198927e+02	1
22	1	3.220314e+02	1
23	1	3.220618e+02	1
24	1	3.206437e+02	1
25	1	3.224767e+02	1
26	1	3.205046e+02	1
27	1	0.000000e+00	0
28	1	3.268917e+02	1
29	1	3.262366e+02	1
30	1	3.193002e+02	1
31	1	3.305743e+02	1
32	1	3.264590e+02	1
33	1	3.311196e+02	1
34	1	0.000000e+00	0
35	1	3.261453e+02	1
36	1	3.264246e+02	1
37	1	3.301543e+02	1
38	1	3.274675e+02	1
39	1	3.269441e+02	1
40	1	3.244833e+02	1
41	1	0.000000e+00	0
42	1	3.278467e+02	1
43	1	3.260144e+02	1
44	1	3.207165e+02	1
45	1	3.201501e+02	1
46	1	3.307854e+02	1
47	1	3.313651e+02	1
48	1	3.194586e+02	1
49	1	3.267888e+02	1
50	1	3.284172e+02	1
51	1	3.264444e+02	1
52	1	3.171651e+02	1
53	1	3.253185e+02	1
54	1	0.000000e+00	0

# Timepoint: 2018.07.07 06:00:50
# Param: TPkni_out_B
1	1	3.232124e+02	1
2	1	0.000000e+00	0
3	1	3.273403e+02	1
4	1	3.230621e+02	1
5	1	3.316617e+02	1
6	1	3.268419e+02	1
7	1	3.188840e+02	1
8	1	3.301447e+02	1
9	1	3.206121e+02	1
10	1	3.255983e+02	1
11	1	3.223076e+02	1
12	1	3.275382e+02	1
13	1	0.000000e+00	0
14	1	3.260673e+02	1
15	1	3.206514e+02	1
16	1	3.288708e+02	1
17	1	3.265802e+02	1
18	1	3.266965e+02	1
19	1	3.268821e+02	1
20	1	3.273307e+02	1
21	1	3.203161e+02	1
22	1	3.225771e+02	1
23	1	3.225707e+02	1
24	1	3.211716e+02	1
25	1	3.231039e+02	1
26	1	3.207677e+02	1
27	1	0.000000e+00	0
28	1	3.273953e+02	1
29	1	3.268735e+02	1
30	1	3.197815e+02	1
31	1	3.312933e+02	1
32	1	3.269415e+02	1
33	1	3.318199e+02	1
34	1	0.000000e+00	0
35	1	3.265871e+02	1
36	1	3.267278e+02	1
37	1	3.306606e+02	1
38	1	3.281282e+02	1
39	1	3.274548e+02	1
40	1	3.251379e+02	1
41	1	0.000000e+00	0
42	1	3.283670e+02	1
43	1	3.266282e+02	1
44	1	3.212249e+02	1
45	1	3.207025e+02	1
46	1	3.312736e+02	1
47	1	3.321794e+02	1
48	1	3.200327e+02	1
49	1	3.271098e+02	1
50	1	3.289515e+02	1
51	1	3.270505e+02	1
52	1	3.176693e+02	1
53	1	3.259658e+02	1
54	1	0.000000e+00	0

# Timepoint: 2018.07.07 09:00:50
# Param: TPkni_out_B
1	1	3.244395e+02	1
2	1	0.000000e+00	0
3	1	3.287554e+02	1
4	1	3.243912e+02	1
5	1	3.331130e+02	1
6	1	3.281027e+02	1
7	1	3.201440e+02	1
8	1	3.316924e+02	1
9	1	3.218105e+02	1
10	1	3.268929e+02	1
11	1	3.237487e+02	1
12	1	3.286130e+02	1
13	1	0.000000e+00	0
14	1	3.272768e+02	1
15	1	3.218694e+02	1
16	1	3.301577e+02	1
17	1	3.277565e+02	1
18	1	3.281078e+02	1
19	1	3.284821e+02	1
20	1	3.286280e+02	1
21	1	3.216753e+02	1
22	1	3.239735e+02	1
23	1	3.239782e+02	1
24	1	3.224839e+02	1
25	1	3.240596e+02	1
26	1	3.221104e+02	1
27	1	0.000000e+00	0
28	1	3.287112e+02	1
29	1	3.281573e+02	1
30	1	3.209449e+02	1
31	1	3.327200e+02	1
32	1	3.283616e+02	1
33	1	3.333933e+02	1
34	1	0.000000e+00	0
35	1	3.279632e+02	1
36	1	3.284121e+02	1
37	1	3.322782e+02	1
38	1	3.295844e+02	1
39	1	3.289196e+02	1
40	1	3.264301e+02	1
41	1	0.000000e+00	0
42	1	3.296906e+02	1
43	1	3.279809e+02	1
44	1	3.225163e+02	1
45	1	3.219383e+02	1
46	1	3.328456e+02	1
47	1	3.336478e+02	1
48	1	3.213504e+02	1
49	1	3.286904e+02	1
50	1	3.303818e+02	1
51	1	3.285454e+02	1
52	1	3.186526e+02	1
53	1	3.273907e+02	1
54	1	0.000000e+00	0

# Timepoint: 2018.07.07 12:00:50
# Param: TPkni_out_B
1	1	3.252704e+02	1
2	1	0.000000e+00	0
3	1	3.298772e+02	1
4	1	3.255245e+02	1
5	1	3.341804e+02	1
6	1	3.291801e+02	1
7	1	3.209837e+02	1
8	1	3.326132e+02	1
9	1	3.227740e+02	1
10	1	3.277246e+02	1
11	1	3.247056e+02	1
12	1	3.299252e+02	1
13	1	0.000000e+00	0
14	1	3.281969e+02	1
15	1	3.227297e+02	1
16	1	3.314306e+02	1
17	1	3.287214e+02	1
18	1	3.293090e+02	1
19	1	3.295338e+02	1
20	1	3.296042e+02	1
21	1	3.226576e+02	1
22	1	3.250542e+02	1
23	1	3.250046e+02	1
24	1	3.235480e+02	1
25	1	3.250039e+02	1
26	1	3.231773e+02	1
27	1	0.000000e+00	0
28	1	3.298326e+02	1
29	1	3.290574e+02	1
30	1	3.218697e+02	1
31	1	3.338145e+02	1
32	1	3.292854e+02	1
33	1	3.344926e+02	1
34	1	0.000000e+00	0
35	1	3.290050e+02	1
36	1	3.295493e+02	1
37	1	3.334932e+02	1
38	1	3.304084e+02	1
39	1	3.298042e+02	1
40	1	3.273641e+02	1
41	1	0.000000e+00	0
42	1	3.304051e+02	1
43	1	3.289524e+02	1
44	1	3.235857e+02	1
45	1	3.227946e+02	1
46	1	3.341615e+02	1
47	1	3.348448e+02	1
48	1	3.222665e+02	1
49	1	3.299135e+02	1
50	1	3.315143e+02	1
51	1	3.294614e+02	1
52	1	3.195523e+02	1
53	1	3.283959e+02	1
54	1	0.000000e+00	0

# Timepoint: 2018.07.07 15:00:50
# Param: TPkni_out_B
1	1	3.273929e+02	1
2	1	0.000000e+00	0
3	1	3.332062e+02	1
4	1	3.282596e+02	1
5	1	3.372943e+02	1
6	1	3.317163e+02	1
7	1	3.228281e+02	1
8	1	3.356887e+02	1
9	1	3.251073e+02	1
10	1	3.300735e+02	1
11	1	3.266826e+02	1
12	1	3.324862e+02	1
13	1	0.000000e+00	0
14	1	3.303241e+02	1
15	1	3.251124e+02	1
16	1	3.340605e+02	1
17	1	3.306784e+02	1
18	1	3.326847e+02	1
19	1	3.327447e+02	1
20	1	3.319156e+02	1
21	1	3.252204e+02	1
22	1	3.278230e+02	1
23	1	3.277058e+02	1
24	1	3.259832e+02	1
25	1	3.271955e+02	1
26	1	3.258105e+02	1
27	1	0.000000e+00	0
28	1	3.321370e+02	1
29	1	3.314023e+02	1
30	1	3.243477e+02	1
31	1	3.368738e+02	1
32	1	3.318655e+02	1
33	1	3.377859e+02	1
34	1	0.000000e+00	0
35	1	3.314279e+02	1
36	1	3.329717e+02	1
37	1	3.363654e+02	1
38	1	3.330526e+02	1
39	1	3.323688e+02	1
40	1	3.295372e+02	1
41	1	0.000000e+00	0
42	1	3.327106e+02	1
43	1	3.311140e+02	1
44	1	3.260238e+02	1
45	1	3.251544e+02	1
46	1	3.375495e+02	1
47	1	3.378481e+02	1
48	1	3.246270e+02	1
49	1	3.333131e+02	1
50	1	3.341645e+02	1
51	1	3.320315e+02	1
52	1	3.214029e+02	1
53	1	3.307762e+02	1
54	1	0.000000e+00	0

# Timepoint: 2018.07.07 18:00:50
# Param: TPkni_out_B
1	1	3.269361e+02	1
2	1	0.000000e+00	0
3	1	3.326123e+02	1
4	1	3.277851e+02	1
5	1	3.366944e+02	1
6	1	3.311553e+02	1
7	1	3.222160e+02	1
8	1	3.350610e+02	1
9	1	3.246138e+02	1
10	1	3.296755e+02	1
11	1	3.261604e+02	1
12	1	3.320191e+02	1
13	1	0.000000e+00	0
14	1	3.298611e+02	1
15	1	3.245005e+02	1
16	1	3.335043e+02	1
17	1	3.301127e+02	1
18	1	3.321555e+02	1
19	1	3.322131e+02	1
20	1	3.313480e+02	1
21	1	3.247079e+02	1
22	1	3.272605e+02	1
23	1	3.271425e+02	1
24	1	3.255009e+02	1
25	1	3.267909e+02	1
26	1	3.252815e+02	1
27	1	0.000000e+00	0
28	1	3.315769e+02	1
29	1	3.307849e+02	1
30	1	3.238926e+02	1
31	1	3.361096e+02	1
32	1	3.312838e+02	1
33	1	3.370952e+02	1
34	1	0.000000e+00	0
35	1	3.308867e+02	1
36	1	3.323657e+02	1
37	1	3.359109e+02	1
38	1	3.323143e+02	1
39	1	3.319487e+02	1
40	1	3.290303e+02	1
41	1	0.000000e+00	0
42	1	3.323041e+02	1
43	1	3.307632e+02	1
44	1	3.255006e+02	1
45	1	3.245944e+02	1
46	1	3.370105e+02	1
47	1	3.372866e+02	1
48	1	3.241322e+02	1
49	1	3.327275e+02	1
50	1	3.336841e+02	1
51	1	3.313134e+02	1
52	1	3.209901e+02	1
53	1	3.299296e+02	1
54	1	0.000000e+00	0

# Timepoint: 2018.07.07 21:00:50
# Param: TPkni_out_B
1	1	3.270472e+02	1
2	1	0.000000e+00	0
3	1	3.329874e+02	1
4	1	3.279333e+02	1
5	1	3.369380e+02	1
6	1	3.312250e+02	1
7	1	3.222599e+02	1
8	1	3.354315e+02	1
9	1	3.248586e+02	1
10	1	3.296713e+02	1
11	1	3.265173e+02	1
12	1	3.323311e+02	1
13	1	0.000000e+00	0
14	1	3.300182e+02	1
15	1	3.246454e+02	1
16	1	3.336975e+02	1
17	1	3.300304e+02	1
18	1	3.323648e+02	1
19	1	3.326112e+02	1
20	1	3.314284e+02	1
21	1	3.248834e+02	1
22	1	3.274010e+02	1
23	1	3.273417e+02	1
24	1	3.257438e+02	1
25	1	3.269283e+02	1
26	1	3.253991e+02	1
27	1	0.000000e+00	0
28	1	3.318828e+02	1
29	1	3.309800e+02	1
30	1	3.241561e+02	1
31	1	3.364234e+02	1
32	1	3.313698e+02	1
33	1	3.372460e+02	1
34	1	0.000000e+00	0
35	1	3.310284e+02	1
36	1	3.326892e+02	1
37	1	3.360761e+02	1
38	1	3.327758e+02	1
39	1	3.320675e+02	1
40	1	3.292038e+02	1
41	1	0.000000e+00	0
42	1	3.325250e+02	1
43	1	3.308024e+02	1
44	1	3.256482e+02	1
45	1	3.248084e+02	1
46	1	3.367133e+02	1
47	1	3.374285e+02	1
48	1	3.243116e+02	1
49	1	3.330715e+02	1
50	1	3.338284e+02	1
51	1	3.315715e+02	1
52	1	3.212701e+02	1
53	1	3.304630e+02	1
54	1	0.000000e+00	0

# Timepoint: 2018.07.08 00:00:50
# Param: TPkni_out_B
1	1	3.269313e+02	1
2	1	0.000000e+00	0
3	1	3.326674e+02	1
4	1	3.278244e+02	1
5	1	3.365953e+02	1
6	1	3.311337e+02	1
7	1	3.222772e+02	1
8	1	3.350152e+02	1
9	1	3.246800e+02	1
10	1	3.296155e+02	1
11	1	3.263428e+02	1
12	1	3.321168e+02	1
13	1	0.000000e+00	0
14	1	3.299393e+02	1
15	1	3.246150e+02	1
16	1	3.335385e+02	1
17	1	3.300084e+02	1
18	1	3.321764e+02	1
19	1	3.322418e+02	1
20	1	3.313680e+02	1
21	1	3.247778e+02	1
22	1	3.272018e+02	1
23	1	3.271230e+02	1
24	1	3.255074e+02	1
25	1	3.269329e+02	1
26	1	3.253102e+02	1
27	1	0.000000e+00	0
28	1	3.317750e+02	1
29	1	3.307066e+02	1
30	1	3.240292e+02	1
31	1	3.360703e+02	1
32	1	3.312699e+02	1
33	1	3.369609e+02	1
34	1	0.000000e+00	0
35	1	3.308722e+02	1
36	1	3.324945e+02	1
37	1	3.358027e+02	1
38	1	3.326027e+02	1
39	1	3.318632e+02	1
40	1	3.290494e+02	1
41	1	0.000000e+00	0
42	1	3.324339e+02	1
43	1	3.307234e+02	1
44	1	3.255561e+02	1
45	1	3.245987e+02	1
46	1	3.367963e+02	1
47	1	3.372284e+02	1
48	1	3.242102e+02	1
49	1	3.328442e+02	1
50	1	3.337088e+02	1
51	1	3.314430e+02	1
52	1	3.211116e+02	1
53	1	3.302336e+02	1
54	1	0.000000e+00	0

# Timepoint: 2018.07.08 03:00:50
# Param: TPkni_out_B
1	1	3.269265e+02	1
2	1	0.000000e+00	0
3	1	3.329721e+02	1
4	1	3.277079e+02	1
5	1	3.365870e+02	1
6	1	3.310969e+02	1
7	1	3.222602e+02	1
8	1	3.349843e+02	1
9	1	3.246260e+02	1
10	1	3.297190e+02	1
11	1	3.263410e+02	1
12	1	3.320177e+02	1
13	1	0.000000e+00	0
14	1	3.299011e+02	1
15	1	3.245486e+02	1
16	1	3.334999e+02	1
17	1	3.300547e+02	1
18	1	3.323907e+02	1
19	1	3.326906e+02	1
20	1	3.312522e+02	1
21	1	3.247360e+02	1
22	1	3.271754e+02	1
23	1	3.272242e+02	1
24	1	3.255047e+02	1
25	1	3.268448e+02	1
26	1	3.254490e+02	1
27	1	0.000000e+00	0
28	1	3.316676e+02	1
29	1	3.306792e+02	1
30	1	3.240057e+02	1
31	1	3.361985e+02	1
32	1	3.312394e+02	1
33	1	3.370809e+02	1
34	1	0.000000e+00	0
35	1	3.310270e+02	1
36	1	3.329046e+02	1
37	1	3.358075e+02	1
38	1	3.325027e+02	1
39	1	3.320050e+02	1
40	1	3.290100e+02	1
41	1	0.000000e+00	0
42	1	3.323588e+02	1
43	1	3.306515e+02	1
44	1	3.254709e+02	1
45	1	3.246285e+02	1
46	1	3.366261e+02	1
47	1	3.372810e+02	1
48	1	3.242124e+02	1
49	1	3.330721e+02	1
50	1	3.336778e+02	1
51	1	3.313900e+02	1
52	1	3.210439e+02	1
53	1	3.299727e+02	1
54	1	0.000000e+00	0

# Timepoint: 2018.07.08 06:00:50
# Param: TPkni_out_B
1	1	3.270565e+02	1
2	1	0.000000e+00	0
3	1	3.332278e+02	1
4	1	3.280053e+02	1
5	1	3.367787e+02	1
6	1	3.312598e+02	1
7	1	3.224136e+02	1
8	1	3.350755e+02	1
9	1	3.247885e+02	1
10	1	3.298383e+02	1
11	1	3.264525e+02	1
12	1	3.321344e+02	1
13	1	0.000000e+00	0
14	1	3.300706e+02	1
15	1	3.247404e+02	1
16	1	3.337344e+02	1
17	1	3.303422e+02	1
18	1	3.327012e+02	1
19	1	3.326914e+02	1
20	1	3.314020e+02	1
21	1	3.248992e+02	1
22	1	3.273459e+02	1
23	1	3.273607e+02	1
24	1	3.257043e+02	1
25	1	3.271312e+02	1
26	1	3.254838e+02	1
27	1	0.000000e+00	0
28	1	3.318780e+02	1
29	1	3.308374e+02	1
30	1	3.242436e+02	1
31	1	3.364088e+02	1
32	1	3.313397e+02	1
33	1	3.372008e+02	1
34	1	0.000000e+00	0
35	1	3.310740e+02	1
36	1	3.331593e+02	1
37	1	3.359984e+02	1
38	1	3.325734e+02	1
39	1	3.319881e+02	1
40	1	3.291178e+02	1
41	1	0.000000e+00	0
42	1	3.323821e+02	1
43	1	3.308296e+02	1
44	1	3.257362e+02	1
45	1	3.247791e+02	1
46	1	3.367098e+02	1
47	1	3.374113e+02	1
48	1	3.244046e+02	1
49	1	3.333521e+02	1
50	1	3.337605e+02	1
51	1	3.314457e+02	1
52	1	3.211522e+02	1
53	1	3.304252e+02	1
54	1	0.000000e+00	0

# Timepoint: 2018.07.08 09:00:50
# Param: TPkni_out_B
1	1	3.269426e+02	1
2	1	0.000000e+00	0
3	1	3.331178e+02	1
4	1	3.278932e+02	1
5	1	3.367610e+02	1
6	1	3.312140e+02	1
7	1	3.224359e+02	1
8	1	3.348926e+02	1
9	1	3.246823e+02	1
10	1	3.297422e+02	1
11	1	3.262507e+02	1
12	1	3.320055e+02	1
13	1	0.000000e+00	0
14	1	3.299521e+02	1
15	1	3.246697e+02	1
16	1	3.336421e+02	1
17	1	3.302007e+02	1
18	1	3.325165e+02	1
19	1	3.326807e+02	1
20	1	3.313372e+02	1
21	1	3.248863e+02	1
22	1	3.272668e+02	1
23	1	3.272680e+02	1
24	1	3.256882e+02	1
25	1	3.269633e+02	1
26	1	3.254620e+02	1
27	1	0.000000e+00	0
28	1	3.316365e+02	1
29	1	3.307240e+02	1
30	1	3.240518e+02	1
31	1	3.362764e+02	1
32	1	3.312914e+02	1
33	1	3.369480e+02	1
34	1	0.000000e+00	0
35	1	3.309910e+02	1
36	1	3.330103e+02	1
37	1	3.358612e+02	1
38	1	3.325504e+02	1
39	1	3.319836e+02	1
40	1	3.290992e+02	1
41	1	0.000000e+00	0
42	1	3.323479e+02	1
43	1	3.306613e+02	1
44	1	3.254647e+02	1
45	1	3.246822e+02	1
46	1	3.364408e+02	1
47	1	3.372850e+02	1
48	1	3.243173e+02	1
49	1	3.331733e+02	1
50	1	3.337050e+02	1
51	1	3.313645e+02	1
52	1	3.209722e+02	1
53	1	3.300043e+02	1
54	1	0.000000e+00	0

# Timepoint: 2018.07.08 12:00:50
# Param: TPkni_out_B
1	1	3.267202e+02	1
2	1	0.000000e+00	0
3	1	3.329174e+02	1
4	1	3.276252e+02	1
5	1	3.363535e+02	1
6	1	3.308101e+02	1
7	1	3.221809e+02	1
8	1	3.350756e+02	1
9	1	3.244192e+02	1
10	1	3.294745e+02	1
11	1	3.260543e+02	1
12	1	3.317087e+02	1
13	1	0.000000e+00	0
14	1	3.296780e+02	1
15	1	3.244546e+02	1
16	1	3.332364e+02	1
17	1	3.299484e+02	1
18	1	3.323711e+02	1
19	1	3.325528e+02	1
20	1	3.310791e+02	1
21	1	3.245570e+02	1
22	1	3.269839e+02	1
23	1	3.270381e+02	1
24	1	3.253727e+02	1
25	1	3.266548e+02	1
26	1	3.251887e+02	1
27	1	0.000000e+00	0
28	1	3.314584e+02	1
29	1	3.305029e+02	1
30	1	3.238736e+02	1
31	1	3.358664e+02	1
32	1	3.309849e+02	1
33	1	3.366582e+02	1
34	1	0.000000e+00	0
35	1	3.307766e+02	1
36	1	3.328073e+02	1
37	1	3.356981e+02	1
38	1	3.323855e+02	1
39	1	3.317137e+02	1
40	1	3.288380e+02	1
41	1	0.000000e+00	0
42	1	3.320910e+02	1
43	1	3.305607e+02	1
44	1	3.253754e+02	1
45	1	3.244610e+02	1
46	1	3.361486e+02	1
47	1	3.369553e+02	1
48	1	3.240617e+02	1
49	1	3.330417e+02	1
50	1	3.334231e+02	1
51	1	3.311931e+02	1
52	1	3.208461e+02	1
53	1	3.297035e+02	1
54	1	0.000000e+00	0

# Timepoint: 2018.07.08 15:00:50
# Param: TPkni_out_B
1	1	3.269125e+02	1
2	1	0.000000e+00	0
3	1	3.333651e+02	1
4	1	3.279762e+02	1
5	1	3.367393e+02	1
6	1	3.310207e+02	1
7	1	3.223430e+02	1
8	1	3.351740e+02	1
9	1	3.248043e+02	1
10	1	3.296088e+02	1
11	1	3.261103e+02	1
12	1	3.320864e+02	1
13	1	0.000000e+00	0
14	1	3.299227e+02	1
15	1	3.246768e+02	1
16	1	3.338185e+02	1
17	1	3.300816e+02	1
18	1	3.328243e+02	1
19	1	3.329774e+02	1
20	1	3.313789e+02	1
21	1	3.248888e+02	1
22	1	3.272837e+02	1
23	1	3.272893e+02	1
24	1	3.256342e+02	1
25	1	3.269032e+02	1
26	1	3.253706e+02	1
27	1	0.000000e+00	0
28	1	3.317223e+02	1
29	1	3.307767e+02	1
30	1	3.241558e+02	1
31	1	3.362413e+02	1
32	1	3.312908e+02	1
33	1	3.370280e+02	1
34	1	0.000000e+00	0
35	1	3.309177e+02	1
36	1	3.330564e+02	1
37	1	3.358335e+02	1
38	1	3.326885e+02	1
39	1	3.319291e+02	1
40	1	3.290067e+02	1
41	1	0.000000e+00	0
42	1	3.321035e+02	1
43	1	3.306440e+02	1
44	1	3.255781e+02	1
45	1	3.246855e+02	1
46	1	3.368052e+02	1
47	1	3.372765e+02	1
48	1	3.244277e+02	1
49	1	3.333019e+02	1
50	1	3.335850e+02	1
51	1	3.313947e+02	1
52	1	3.210080e+02	1
53	1	3.301115e+02	1
54	1	0.000000e+00	0

# Timepoint: 2018.07.08 18:00:50
# Param: TPkni_out_B
1	1	3.267134e+02	1
2	1	0.000000e+00	0
3	1	3.332759e+02	1
4	1	3.279199e+02	1
5	1	3.366379e+02	1
6	1	3.310260e+02	1
7	1	3.220928e+02	1
8	1	3.351082e+02	1
9	1	3.246295e+02	1
10	1	3.294425e+02	1
11	1	3.261294e+02	1
12	1	3.320302e+02	1
13	1	0.000000e+00	0
14	1	3.299146e+02	1
15	1	3.245803e+02	1
16	1	3.336456e+02	1
17	1	3.301109e+02	1
18	1	3.327914e+02	1
19	1	3.329104e+02	1
20	1	3.313572e+02	1
21	1	3.248661e+02	1
22	1	3.272795e+02	1
23	1	3.273093e+02	1
24	1	3.255982e+02	1
25	1	3.265106e+02	1
26	1	3.253967e+02	1
27	1	0.000000e+00	0
28	1	3.316427e+02	1
29	1	3.307422e+02	1
30	1	3.241314e+02	1
31	1	3.362399e+02	1
32	1	3.311852e+02	1
33	1	3.370238e+02	1
34	1	0.000000e+00	0
35	1	3.309785e+02	1
36	1	3.329776e+02	1
37	1	3.358933e+02	1
38	1	3.326239e+02	1
39	1	3.318834e+02	1
40	1	3.289590e+02	1
41	1	0.000000e+00	0
42	1	3.322454e+02	1
43	1	3.305581e+02	1
44	1	3.256005e+02	1
45	1	3.246909e+02	1
46	1	3.365306e+02	1
47	1	3.372109e+02	1
48	1	3.243065e+02	1
49	1	3.333630e+02	1
50	1	3.335302e+02	1
51	1	3.313441e+02	1
52	1	3.207832e+02	1
53	1	3.299919e+02	1
54	1	0.000000e+00	0

# Timepoint: 2018.07.08 21:00:50
# Param: TPkni_out_B
1	1	3.267231e+02	1
2	1	0.000000e+00	0
3	1	3.332369e+02	1
4	1	3.278538e+02	1
5	1	3.366613e+02	1
6	1	3.309511e+02	1
7	1	3.220946e+02	1
8	1	3.352963e+02	1
9	1	3.246297e+02	1
10	1	3.295129e+02	1
11	1	3.262231e+02	1
12	1	3.320233e+02	1
13	1	0.000000e+00	0
14	1	3.299277e+02	1
15	1	3.245630e+02	1
16	1	3.336133e+02	1
17	1	3.301803e+02	1
18	1	3.327596e+02	1
19	1	3.329157e+02	1
20	1	3.312092e+02	1
21	1	3.247852e+02	1
22	1	3.272064e+02	1
23	1	3.272708e+02	1
24	1	3.256099e+02	1
25	1	3.266383e+02	1
26	1	3.252573e+02	1
27	1	0.000000e+00	0
28	1	3.316748e+02	1
29	1	3.306978e+02	1
30	1	3.241070e+02	1
31	1	3.362249e+02	1
32	1	3.310952e+02	1
33	1	3.368741e+02	1
34	1	0.000000e+00	0
35	1	3.308335e+02	1
36	1	3.329467e+02	1
37	1	3.358476e+02	1
38	1	3.325986e+02	1
39	1	3.317790e+02	1
40	1	3.290910e+02	1
41	1	0.000000e+00	0
42	1	3.322062e+02	1
43	1	3.305471e+02	1
44	1	3.255072e+02	1
45	1	3.246693e+02	1
46	1	3.365029e+02	1
47	1	3.371708e+02	1
48	1	3.243107e+02	1
49	1	3.333044e+02	1
50	1	3.335304e+02	1
51	1	3.314332e+02	1
52	1	3.209211e+02	1
53	1	3.301075e+02	1
54	1	0.000000e+00	0

# Timepoint: 2018.07.09 00:00:50
# Param: TPkni_out_B
1	1	3.267544e+02	1
2	1	0.000000e+00	0
3	1	3.332442e+02	1
4	1	3.278336e+02	1
5	1	3.366563e+02	1
6	1	3.308375e+02	1
7	1	3.222184e+02	1
8	1	3.350239e+02	1
9	1	3.246974e+02	1
10	1	3.295148e+02	1
11	1	3.261807e+02	1
12	1	3.315369e+02	1
13	1	0.000000e+00	0
14	1	3.298193e+02	1
15	1	3.245946e+02	1
16	1	3.337654e+02	1
17	1	3.298642e+02	1
18	1	3.326966e+02	1
19	1	3.328012e+02	1
20	1	3.312753e+02	1
21	1	3.247471e+02	1
22	1	3.272426e+02	1
23	1	3.273176e+02	1
24	1	3.256127e+02	1
25	1	3.268475e+02	1
26	1	3.253351e+02	1
27	1	0.000000e+00	0
28	1	3.315988e+02	1
29	1	3.306614e+02	1
30	1	3.241499e+02	1
31	1	3.361931e+02	1
32	1	3.311654e+02	1
33	1	3.368684e+02	1
34	1	0.000000e+00	0
35	1	3.308408e+02	1
36	1	3.330558e+02	1
37	1	3.358031e+02	1
38	1	3.324207e+02	1
39	1	3.319262e+02	1
40	1	3.289548e+02	1
41	1	0.000000e+00	0
42	1	3.321100e+02	1
43	1	3.304443e+02	1
44	1	3.255123e+02	1
45	1	3.243300e+02	1
46	1	3.366409e+02	1
47	1	3.372931e+02	1
48	1	3.243543e+02	1
49	1	3.332669e+02	1
50	1	3.335342e+02	1
51	1	3.313590e+02	1
52	1	3.208730e+02	1
53	1	3.299669e+02	1
54	1	0.000000e+00	0

# Timepoint: 2018.07.09 03:00:50
# Param: TPkni_out_B
1	1	3.268410e+02	1
2	1	0.000000e+00	0
3	1	3.325702e+02	1
4	1	3.277346e+02	1
5	1	3.366209e+02	1
6	1	3.312776e+02	1
7	1	3.222295e+02	1
8	1	3.351608e+02	1
9	1	3.247193e+02	1
10	1	3.295119e+02	1
11	1	3.263398e+02	1
12	1	3.321205e+02	1
13	1	0.000000e+00	0
14	1	3.299563e+02	1
15	1	3.246477e+02	1
16	1	3.335688e+02	1
17	1	3.302224e+02	1
18	1	3.320737e+02	1
19	1	3.322930e+02	1
20	1	3.314113e+02	1
21	1	3.248842e+02	1
22	1	3.272791e+02	1
23	1	3.271259e+02	1
24	1	3.256746e+02	1
25	1	3.267533e+02	1
26	1	3.254153e+02	1
27	1	0.000000e+00	0
28	1	3.315703e+02	1
29	1	3.308344e+02	1
30	1	3.240598e+02	1
31	1	3.360186e+02	1
32	1	3.314651e+02	1
33	1	3.370927e+02	1
34	1	0.000000e+00	0
35	1	3.308731e+02	1
36	1	3.324423e+02	1
37	1	3.357355e+02	1
38	1	3.325633e+02	1
39	1	3.320209e+02	1
40	1	3.290243e+02	1
41	1	0.000000e+00	0
42	1	3.321121e+02	1
43	1	3.306841e+02	1
44	1	3.254351e+02	1
45	1	3.246934e+02	1
46	1	3.367668e+02	1
47	1	3.372331e+02	1
48	1	3.241723e+02	1
49	1	3.326494e+02	1
50	1	3.337104e+02	1
51	1	3.314608e+02	1
52	1	3.208262e+02	1
53	1	3.302805e+02	1
54	1	0.000000e+00	0

# Timepoint: 2018.07.09 06:00:50
# Param: TPkni_out_B
1	1	3.217897e+02	1
2	1	0.000000e+00	0
3	1	3.251068e+02	1
4	1	3.208290e+02	1
5	1	3.282654e+02	1
6	1	3.254613e+02	1
7	1	3.172737e+02	1
8	1	3.268138e+02	1
9	1	3.184687e+02	1
10	1	3.240507e+02	1
11	1	3.209801e+02	1
12	1	3.262449e+02	1
13	1	0.000000e+00	0
14	1	3.243889e+02	1
15	1	3.177772e+02	1
16	1	3.255869e+02	1
17	1	3.249575e+02	1
18	1	3.250852e+02	1
19	1	3.246061e+02	1
20	1	3.247985e+02	1
21	1	3.153916e+02	1
22	1	3.200719e+02	1
23	1	3.199878e+02	1
24	1	3.156154e+02	1
25	1	3.218484e+02	1
26	1	3.184368e+02	1
27	1	0.000000e+00	0
28	1	3.246604e+02	1
29	1	3.250322e+02	1
30	1	3.182302e+02	1
31	1	3.276356e+02	1
32	1	3.254463e+02	1
33	1	3.287984e+02	1
34	1	0.000000e+00	0
35	1	3.243191e+02	1
36	1	3.244395e+02	1
37	1	3.267599e+02	1
38	1	3.262560e+02	1
39	1	3.256093e+02	1
40	1	3.232082e+02	1
41	1	0.000000e+00	0
42	1	3.270428e+02	1
43	1	3.258266e+02	1
44	1	3.158448e+02	1
45	1	3.181139e+02	1
46	1	3.284722e+02	1
47	1	3.287343e+02	1
48	1	3.181636e+02	1
49	1	3.248069e+02	1
50	1	3.263239e+02	1
51	1	3.250979e+02	1
52	1	3.164404e+02	1
53	1	3.237178e+02	1
54	1	0.000000e+00	0

# Timepoint: 2018.07.09 09:00:50
# Param: TPkni_out_B
1	1	3.087822e+02	1
2	1	0.000000e+00	0
3	1	3.089290e+02	1
4	1	3.060423e+02	1
5	1	3.108711e+02	1
6	1	3.108904e+02	1
7	1	3.061935e+02	1
8	1	3.102904e+02	1
9	1	3.061746e+02	1
10	1	3.106318e+02	1
11	1	3.084088e+02	1
12	1	3.108614e+02	1
13	1	0.000000e+00	0
14	1	3.103041e+02	1
15	1	3.054513e+02	1
16	1	3.099843e+02	1
17	1	3.106561e+02	1
18	1	3.087782e+02	1
19	1	3.090508e+02	1
20	1	3.109329e+02	1
21	1	3.053342e+02	1
22	1	3.055841e+02	1
23	1	3.060813e+02	1
24	1	3.061068e+02	1
25	1	3.090227e+02	1
26	1	3.060519e+02	1
27	1	0.000000e+00	0
28	1	3.104575e+02	1
29	1	3.103131e+02	1
30	1	3.051427e+02	1
31	1	3.110818e+02	1
32	1	3.108416e+02	1
33	1	3.107311e+02	1
34	1	0.000000e+00	0
35	1	3.105461e+02	1
36	1	3.091664e+02	1
37	1	3.112206e+02	1
38	1	3.116338e+02	1
39	1	3.114097e+02	1
40	1	3.100086e+02	1
41	1	0.000000e+00	0
42	1	3.120781e+02	1
43	1	3.111206e+02	1
44	1	3.054909e+02	1
45	1	3.056956e+02	1
46	1	3.108145e+02	1
47	1	3.114029e+02	1
48	1	3.056947e+02	1
49	1	3.095187e+02	1
50	1	3.120753e+02	1
51	1	3.111411e+02	1
52	1	3.054053e+02	1
53	1	3.098755e+02	1
54	1	0.000000e+00	0

# Timepoint: 2018.07.09 12:00:50
# Param: TPkni_out_B
1	1	3.196796e+02	1
2	1	0.000000e+00	0
3	1	3.191151e+02	1
4	1	3.172341e+02	1
5	1	3.241488e+02	1
6	1	3.231578e+02	1
7	1	3.156223e+02	1
8	1	3.233579e+02	1
9	1	3.164883e+02	1
10	1	3.220292e+02	1
11	1	3.188659e+02	1
12	1	3.231235e+02	1
13	1	0.000000e+00	0
14	1	3.220783e+02	1
15	1	3.159774e+02	1
16	1	3.223517e+02	1
17	1	3.218932e+02	1
18	1	3.190401e+02	1
19	1	3.189025e+02	1
20	1	3.228044e+02	1
21	1	3.159700e+02	1
22	1	3.168300e+02	1
23	1	3.166588e+02	1
24	1	3.166064e+02	1
25	1	3.193707e+02	1
26	1	3.165911e+02	1
27	1	0.000000e+00	0
28	1	3.229599e+02	1
29	1	3.220950e+02	1
30	1	3.152433e+02	1
31	1	3.240648e+02	1
32	1	3.231092e+02	1
33	1	3.245095e+02	1
34	1	0.000000e+00	0
35	1	3.224625e+02	1
36	1	3.193633e+02	1
37	1	3.241085e+02	1
38	1	3.234977e+02	1
39	1	3.233050e+02	1
40	1	3.212165e+02	1
41	1	0.000000e+00	0
42	1	3.239977e+02	1
43	1	3.229830e+02	1
44	1	3.164169e+02	1
45	1	3.160550e+02	1
46	1	3.240056e+02	1
47	1	3.248259e+02	1
48	1	3.155282e+02	1
49	1	3.195763e+02	1
50	1	3.247328e+02	1
51	1	3.228353e+02	1
52	1	3.145697e+02	1
53	1	3.212543e+02	1
54	1	0.000000e+00	0

# Timepoint: 2018.07.09 15:00:50
# Param: TPkni_out_B
1	1	3.213393e+02	1
2	1	0.000000e+00	0
3	1	3.232451e+02	1
4	1	3.204546e+02	1
5	1	3.280343e+02	1
6	1	3.250583e+02	1
7	1	3.171649e+02	1
8	1	3.270851e+02	1
9	1	3.186359e+02	1
10	1	3.238132e+02	1
11	1	3.206283e+02	1
12	1	3.254476e+02	1
13	1	0.000000e+00	0
14	1	3.240422e+02	1
15	1	3.182926e+02	1
16	1	3.257098e+02	1
17	1	3.240320e+02	1
18	1	3.229536e+02	1
19	1	3.229631e+02	1
20	1	3.248918e+02	1
21	1	3.183956e+02	1
22	1	3.200113e+02	1
23	1	3.197766e+02	1
24	1	3.190597e+02	1
25	1	3.212865e+02	1
26	1	3.189283e+02	1
27	1	0.000000e+00	0
28	1	3.252386e+02	1
29	1	3.243468e+02	1
30	1	3.176791e+02	1
31	1	3.277557e+02	1
32	1	3.251624e+02	1
33	1	3.284736e+02	1
34	1	0.000000e+00	0
35	1	3.246119e+02	1
36	1	3.231783e+02	1
37	1	3.275495e+02	1
38	1	3.259268e+02	1
39	1	3.255752e+02	1
40	1	3.230991e+02	1
41	1	0.000000e+00	0
42	1	3.261327e+02	1
43	1	3.248259e+02	1
44	1	3.190442e+02	1
45	1	3.183700e+02	1
46	1	3.281400e+02	1
47	1	3.287204e+02	1
48	1	3.179407e+02	1
49	1	3.234688e+02	1
50	1	3.270260e+02	1
51	1	3.249713e+02	1
52	1	3.160989e+02	1
53	1	3.236614e+02	1
54	1	0.000000e+00	0

# Timepoint: 2018.07.09 18:00:50
# Param: TPkni_out_B
1	1	3.216005e+02	1
2	1	0.000000e+00	0
3	1	3.250886e+02	1
4	1	3.212778e+02	1
5	1	3.293531e+02	1
6	1	3.253881e+02	1
7	1	3.175161e+02	1
8	1	3.282498e+02	1
9	1	3.191595e+02	1
10	1	3.241697e+02	1
11	1	3.212322e+02	1
12	1	3.258626e+02	1
13	1	0.000000e+00	0
14	1	3.241610e+02	1
15	1	3.187863e+02	1
16	1	3.267034e+02	1
17	1	3.244094e+02	1
18	1	3.248088e+02	1
19	1	3.249512e+02	1
20	1	3.255206e+02	1
21	1	3.189185e+02	1
22	1	3.209269e+02	1
23	1	3.209148e+02	1
24	1	3.197450e+02	1
25	1	3.216186e+02	1
26	1	3.195941e+02	1
27	1	0.000000e+00	0
28	1	3.256510e+02	1
29	1	3.248217e+02	1
30	1	3.182465e+02	1
31	1	3.289816e+02	1
32	1	3.255435e+02	1
33	1	3.295637e+02	1
34	1	0.000000e+00	0
35	1	3.252719e+02	1
36	1	3.250336e+02	1
37	1	3.288409e+02	1
38	1	3.265370e+02	1
39	1	3.260477e+02	1
40	1	3.235737e+02	1
41	1	0.000000e+00	0
42	1	3.265399e+02	1
43	1	3.252856e+02	1
44	1	3.195146e+02	1
45	1	3.189543e+02	1
46	1	3.291006e+02	1
47	1	3.299736e+02	1
48	1	3.186535e+02	1
49	1	3.253724e+02	1
50	1	3.274308e+02	1
51	1	3.255379e+02	1
52	1	3.163166e+02	1
53	1	3.241570e+02	1
54	1	0.000000e+00	0

# Timepoint: 2018.07.09 21:00:50
# Param: TPkni_out_B
1	1	3.224721e+02	1
2	1	0.000000e+00	0
3	1	3.265583e+02	1
4	1	3.225235e+02	1
5	1	3.309089e+02	1
6	1	3.264338e+02	1
7	1	3.186885e+02	1
8	1	3.295772e+02	1
9	1	3.203557e+02	1
10	1	3.250934e+02	1
11	1	3.220825e+02	1
12	1	3.269636e+02	1
13	1	0.000000e+00	0
14	1	3.252154e+02	1
15	1	3.199227e+02	1
16	1	3.279608e+02	1
17	1	3.255405e+02	1
18	1	3.265437e+02	1
19	1	3.265484e+02	1
20	1	3.268540e+02	1
21	1	3.200155e+02	1
22	1	3.222721e+02	1
23	1	3.223429e+02	1
24	1	3.210273e+02	1
25	1	3.224940e+02	1
26	1	3.206284e+02	1
27	1	0.000000e+00	0
28	1	3.267421e+02	1
29	1	3.260710e+02	1
30	1	3.192876e+02	1
31	1	3.304070e+02	1
32	1	3.265745e+02	1
33	1	3.310869e+02	1
34	1	0.000000e+00	0
35	1	3.260403e+02	1
36	1	3.264861e+02	1
37	1	3.303421e+02	1
38	1	3.279068e+02	1
39	1	3.273022e+02	1
40	1	3.247134e+02	1
41	1	0.000000e+00	0
42	1	3.275041e+02	1
43	1	3.261207e+02	1
44	1	3.206466e+02	1
45	1	3.201040e+02	1
46	1	3.307109e+02	1
47	1	3.317336e+02	1
48	1	3.198643e+02	1
49	1	3.269167e+02	1
50	1	3.286045e+02	1
51	1	3.268409e+02	1
52	1	3.173557e+02	1
53	1	3.256030e+02	1
54	1	0.000000e+00	0

# Timepoint: 2018.07.10 00:00:50
# Param: TPkni_out_B
1	1	3.234472e+02	1
2	1	0.000000e+00	0
3	1	3.278135e+02	1
4	1	3.236365e+02	1
5	1	3.324017e+02	1
6	1	3.273445e+02	1
7	1	3.197183e+02	1
8	1	3.307684e+02	1
9	1	3.215392e+02	1
10	1	3.259350e+02	1
11	1	3.233360e+02	1
12	1	3.280614e+02	1
13	1	0.000000e+00	0
14	1	3.262496e+02	1
15	1	3.210278e+02	1
16	1	3.291517e+02	1
17	1	3.266423e+02	1
18	1	3.273497e+02	1
19	1	3.278410e+02	1
20	1	3.280462e+02	1
21	1	3.210454e+02	1
22	1	3.234475e+02	1
23	1	3.235543e+02	1
24	1	3.221462e+02	1
25	1	3.235347e+02	1
26	1	3.216247e+02	1
27	1	0.000000e+00	0
28	1	3.276903e+02	1
29	1	3.272531e+02	1
30	1	3.203401e+02	1
31	1	3.318419e+02	1
32	1	3.275266e+02	1
33	1	3.324696e+02	1
34	1	0.000000e+00	0
35	1	3.272123e+02	1
36	1	3.276471e+02	1
37	1	3.316898e+02	1
38	1	3.292379e+02	1
39	1	3.283717e+02	1
40	1	3.258887e+02	1
41	1	0.000000e+00	0
42	1	3.286539e+02	1
43	1	3.269664e+02	1
44	1	3.216789e+02	1
45	1	3.211342e+02	1
46	1	3.320591e+02	1
47	1	3.332324e+02	1
48	1	3.211059e+02	1
49	1	3.282258e+02	1
50	1	3.297887e+02	1
51	1	3.280485e+02	1
52	1	3.184250e+02	1
53	1	3.267293e+02	1
54	1	0.000000e+00	0

# Timepoint: 2018.07.10 03:00:50
# Param: TPkni_out_B
1	1	3.245286e+02	1
2	1	0.000000e+00	0
3	1	3.291922e+02	1
4	1	3.249883e+02	1
5	1	3.337816e+02	1
6	1	3.285272e+02	1
7	1	3.207238e+02	1
8	1	3.325315e+02	1
9	1	3.227076e+02	1
10	1	3.273122e+02	1
11	1	3.243943e+02	1
12	1	3.292940e+02	1
13	1	0.000000e+00	0
14	1	3.274063e+02	1
15	1	3.221835e+02	1
16	1	3.305600e+02	1
17	1	3.279449e+02	1
18	1	3.287702e+02	1
19	1	3.292538e+02	1
20	1	3.292292e+02	1
21	1	3.222674e+02	1
22	1	3.247636e+02	1
23	1	3.248396e+02	1
24	1	3.234502e+02	1
25	1	3.246015e+02	1
26	1	3.229127e+02	1
27	1	0.000000e+00	0
28	1	3.290661e+02	1
29	1	3.283058e+02	1
30	1	3.214708e+02	1
31	1	3.331594e+02	1
32	1	3.288885e+02	1
33	1	3.339619e+02	1
34	1	0.000000e+00	0
35	1	3.285308e+02	1
36	1	3.290528e+02	1
37	1	3.330910e+02	1
38	1	3.304442e+02	1
39	1	3.296039e+02	1
40	1	3.269753e+02	1
41	1	0.000000e+00	0
42	1	3.297491e+02	1
43	1	3.282137e+02	1
44	1	3.228524e+02	1
45	1	3.223227e+02	1
46	1	3.333691e+02	1
47	1	3.346176e+02	1
48	1	3.221510e+02	1
49	1	3.295780e+02	1
50	1	3.311097e+02	1
51	1	3.291534e+02	1
52	1	3.192476e+02	1
53	1	3.279837e+02	1
54	1	0.000000e+00	0

# Timepoint: 2018.07.10 06:00:50
# Param: TPkni_out_B
1	1	3.258395e+02	1
2	1	0.000000e+00	0
3	1	3.307695e+02	1
4	1	3.266232e+02	1
5	1	3.355802e+02	1
6	1	3.300402e+02	1
7	1	3.217749e+02	1
8	1	3.339321e+02	1
9	1	3.240168e+02	1
10	1	3.286961e+02	1
11	1	3.255338e+02	1
12	1	3.305564e+02	1
13	1	0.000000e+00	0
14	1	3.288761e+02	1
15	1	3.235122e+02	1
16	1	3.323235e+02	1
17	1	3.292583e+02	1
18	1	3.303225e+02	1
19	1	3.307530e+02	1
20	1	3.305819e+02	1
21	1	3.237481e+02	1
22	1	3.263035e+02	1
23	1	3.263457e+02	1
24	1	3.247778e+02	1
25	1	3.260112e+02	1
26	1	3.243068e+02	1
27	1	0.000000e+00	0
28	1	3.305318e+02	1
29	1	3.298503e+02	1
30	1	3.229087e+02	1
31	1	3.347771e+02	1
32	1	3.303077e+02	1
33	1	3.358091e+02	1
34	1	0.000000e+00	0
35	1	3.299739e+02	1
36	1	3.306351e+02	1
37	1	3.349102e+02	1
38	1	3.318590e+02	1
39	1	3.309491e+02	1
40	1	3.282592e+02	1
41	1	0.000000e+00	0
42	1	3.311329e+02	1
43	1	3.296051e+02	1
44	1	3.243980e+02	1
45	1	3.236890e+02	1
46	1	3.354239e+02	1
47	1	3.362563e+02	1
48	1	3.235527e+02	1
49	1	3.310705e+02	1
50	1	3.326753e+02	1
51	1	3.306024e+02	1
52	1	3.203988e+02	1
53	1	3.293507e+02	1
54	1	0.000000e+00	0

# Timepoint: 2018.07.10 09:00:50
# Param: TPkni_out_B
1	1	3.268344e+02	1
2	1	0.000000e+00	0
3	1	3.322137e+02	1
4	1	3.277590e+02	1
5	1	3.366616e+02	1
6	1	3.309545e+02	1
7	1	3.226614e+02	1
8	1	3.349260e+02	1
9	1	3.248288e+02	1
10	1	3.295662e+02	1
11	1	3.263609e+02	1
12	1	3.315782e+02	1
13	1	0.000000e+00	0
14	1	3.298755e+02	1
15	1	3.246177e+02	1
16	1	3.335569e+02	1
17	1	3.302381e+02	1
18	1	3.316581e+02	1
19	1	3.320181e+02	1
20	1	3.313856e+02	1
21	1	3.247065e+02	1
22	1	3.273241e+02	1
23	1	3.273271e+02	1
24	1	3.257984e+02	1
25	1	3.268784e+02	1
26	1	3.251064e+02	1
27	1	0.000000e+00	0
28	1	3.317399e+02	1
29	1	3.307412e+02	1
30	1	3.238882e+02	1
31	1	3.361803e+02	1
32	1	3.311812e+02	1
33	1	3.371312e+02	1
34	1	0.000000e+00	0
35	1	3.309782e+02	1
36	1	3.318754e+02	1
37	1	3.358509e+02	1
38	1	3.327538e+02	1
39	1	3.318068e+02	1
40	1	3.291122e+02	1
41	1	0.000000e+00	0
42	1	3.322670e+02	1
43	1	3.305005e+02	1
44	1	3.253965e+02	1
45	1	3.246620e+02	1
46	1	3.369513e+02	1
47	1	3.374070e+02	1
48	1	3.245413e+02	1
49	1	3.323683e+02	1
50	1	3.337027e+02	1
51	1	3.315953e+02	1
52	1	3.212416e+02	1
53	1	3.304766e+02	1
54	1	0.000000e+00	0

# Timepoint: 2018.07.10 12:00:50
# Param: TPkni_out_B
1	1	3.269218e+02	1
2	1	0.000000e+00	0
3	1	3.321633e+02	1
4	1	3.276902e+02	1
5	1	3.366875e+02	1
6	1	3.313378e+02	1
7	1	3.226339e+02	1
8	1	3.348637e+02	1
9	1	3.248163e+02	1
10	1	3.297181e+02	1
11	1	3.263756e+02	1
12	1	3.317199e+02	1
13	1	0.000000e+00	0
14	1	3.299459e+02	1
15	1	3.245425e+02	1
16	1	3.335269e+02	1
17	1	3.301082e+02	1
18	1	3.321315e+02	1
19	1	3.318281e+02	1
20	1	3.314885e+02	1
21	1	3.247629e+02	1
22	1	3.272346e+02	1
23	1	3.272045e+02	1
24	1	3.255833e+02	1
25	1	3.269344e+02	1
26	1	3.251964e+02	1
27	1	0.000000e+00	0
28	1	3.317184e+02	1
29	1	3.307492e+02	1
30	1	3.239545e+02	1
31	1	3.360620e+02	1
32	1	3.315869e+02	1
33	1	3.368442e+02	1
34	1	0.000000e+00	0
35	1	3.310360e+02	1
36	1	3.319754e+02	1
37	1	3.357612e+02	1
38	1	3.328499e+02	1
39	1	3.320445e+02	1
40	1	3.291840e+02	1
41	1	0.000000e+00	0
42	1	3.323170e+02	1
43	1	3.306785e+02	1
44	1	3.254189e+02	1
45	1	3.246973e+02	1
46	1	3.365493e+02	1
47	1	3.373516e+02	1
48	1	3.244010e+02	1
49	1	3.323897e+02	1
50	1	3.336462e+02	1
51	1	3.314921e+02	1
52	1	3.212382e+02	1
53	1	3.300725e+02	1
54	1	0.000000e+00	0

# Timepoint: 2018.07.10 15:00:50
# Param: TPkni_out_B
1	1	3.268762e+02	1
2	1	0.000000e+00	0
3	1	3.319955e+02	1
4	1	3.275388e+02	1
5	1	3.363727e+02	1
6	1	3.311639e+02	1
7	1	3.224612e+02	1
8	1	3.347382e+02	1
9	1	3.246624e+02	1
10	1	3.296256e+02	1
11	1	3.261794e+02	1
12	1	3.316530e+02	1
13	1	0.000000e+00	0
14	1	3.297677e+02	1
15	1	3.245156e+02	1
16	1	3.333596e+02	1
17	1	3.300751e+02	1
18	1	3.314984e+02	1
19	1	3.318239e+02	1
20	1	3.314366e+02	1
21	1	3.246501e+02	1
22	1	3.271288e+02	1
23	1	3.270914e+02	1
24	1	3.255281e+02	1
25	1	3.268802e+02	1
26	1	3.251659e+02	1
27	1	0.000000e+00	0
28	1	3.316951e+02	1
29	1	3.307079e+02	1
30	1	3.238497e+02	1
31	1	3.359226e+02	1
32	1	3.314221e+02	1
33	1	3.367991e+02	1
34	1	0.000000e+00	0
35	1	3.309866e+02	1
36	1	3.318828e+02	1
37	1	3.356354e+02	1
38	1	3.326289e+02	1
39	1	3.318987e+02	1
40	1	3.290364e+02	1
41	1	0.000000e+00	0
42	1	3.323613e+02	1
43	1	3.307537e+02	1
44	1	3.253075e+02	1
45	1	3.245068e+02	1
46	1	3.362690e+02	1
47	1	3.371273e+02	1
48	1	3.241925e+02	1
49	1	3.322624e+02	1
50	1	3.335623e+02	1
51	1	3.313894e+02	1
52	1	3.211440e+02	1
53	1	3.301511e+02	1
54	1	0.000000e+00	0

